0
56503
56420
56411
56503
56420
56411
56408
56407
56406
45311
45312
45313
45311
45312
45313
45314
45315
45316
45311
45312
45313
45314
45315
45316
45317
45318
45319
45311
45312
45313
45314
45315
45316
45317
45318
45319
45320
45321
45322
45323
45324
45325
45323
45324
45325
45326
45327
45328
45323
45324
45325
45326
45327
45328
45329
45330
45467
45323
45324
45325
45326
45327
45328
45329
45330
45467
45468
45469
45629
45323
45324
45325
45326
45327
45328
45329
45330
45467
45468
45469
45629
45630
45631
45776
45323
45324
45325
45326
45327
45328
45329
45330
45467
45468
45469
45629
45630
45631
45776
45777
45778
45945
45323
45324
45325
45326
45327
45328
45329
45330
45467
45468
45469
45629
45630
45631
45776
45777
45778
45945
45946
45947
46094
46095
46096
46263
46095
46096
46263
46264
46265
46410
46095
46096
46263
46264
46265
46410
46411
46412
46586
46095
46096
46263
46264
46265
46410
46411
46412
46586
46587
46588
46681
46682
46683
46718
46682
46683
46718
46719
46720
46800
46682
46683
46718
46719
46720
46800
46801
46802
46981
46682
46683
46718
46719
46720
46800
46801
46802
46981
46982
46983
47217
47218
47219
47352
47218
47219
47352
47353
47354
47533
47218
47219
47352
47353
47354
47533
47534
47535
47680
47218
47219
47352
47353
47354
47533
47534
47535
47680
47681
47682
47849
47218
47219
47352
47353
47354
47533
47534
47535
47680
47681
47682
47849
47850
47851
47996
47218
47219
47352
47353
47354
47533
47534
47535
47680
47681
47682
47849
47850
47851
47996
47997
47998
48165
47218
47219
47352
47353
47354
47533
47534
47535
47680
47681
47682
47849
47850
47851
47996
47997
47998
48165
48166
48167
48312
47218
47219
47352
47353
47354
47533
47534
47535
47680
47681
47682
47849
47850
47851
47996
47997
47998
48165
48166
48167
48312
48313
48314
48482
47218
47219
47352
47353
47354
47533
47534
47535
47680
47681
47682
47849
47850
47851
47996
47997
47998
48165
48166
48167
48312
48313
48314
48482
48483
48484
48629
47218
47219
47352
47353
47354
47533
47534
47535
47680
47681
47682
47849
47850
47851
47996
47997
47998
48165
48166
48167
48312
48313
48314
48482
48483
48484
48629
48630
48631
48799
47218
47219
47352
47353
47354
47533
47534
47535
47680
47681
47682
47849
47850
47851
47996
47997
47998
48165
48166
48167
48312
48313
48314
48482
48483
48484
48629
48630
48631
48799
48800
48801
48946
47218
47219
47352
47353
47354
47533
47534
47535
47680
47681
47682
47849
47850
47851
47996
47997
47998
48165
48166
48167
48312
48313
48314
48482
48483
48484
48629
48630
48631
48799
48800
48801
48946
48947
48948
49116
47218
47219
47352
47353
47354
47533
47534
47535
47680
47681
47682
47849
47850
47851
47996
47997
47998
48165
48166
48167
48312
48313
48314
48482
48483
48484
48629
48630
48631
48799
48800
48801
48946
48947
48948
49116
49117
49118
49263
47218
47219
47352
47353
47354
47533
47534
47535
47680
47681
47682
47849
47850
47851
47996
47997
47998
48165
48166
48167
48312
48313
48314
48482
48483
48484
48629
48630
48631
48799
48800
48801
48946
48947
48948
49116
49117
49118
49263
49264
49265
49433
49434
49435
49580
49434
49435
49580
49581
49582
49750
49434
49435
49580
49581
49582
49750
49751
49752
49894
49434
49435
49580
49581
49582
49750
49751
49752
49894
49895
49896
50064
49434
49435
49580
49581
49582
49750
49751
49752
49894
49895
49896
50064
50065
50066
50210
49434
49435
49580
49581
49582
49750
49751
49752
49894
49895
49896
50064
50065
50066
50210
50211
50212
50380
49434
49435
49580
49581
49582
49750
49751
49752
49894
49895
49896
50064
50065
50066
50210
50211
50212
50380
50381
50382
50527
49434
49435
49580
49581
49582
49750
49751
49752
49894
49895
49896
50064
50065
50066
50210
50211
50212
50380
50381
50382
50527
50528
50529
50697
49434
49435
49580
49581
49582
49750
49751
49752
49894
49895
49896
50064
50065
50066
50210
50211
50212
50380
50381
50382
50527
50528
50529
50697
50698
50699
50844
49434
49435
49580
49581
49582
49750
49751
49752
49894
49895
49896
50064
50065
50066
50210
50211
50212
50380
50381
50382
50527
50528
50529
50697
50698
50699
50844
50845
50846
51014
