0
24
29
24
29
34
38
24
29
34
38
43
48
24
29
34
38
43
48
53
58
24
29
34
38
43
48
53
58
63
68
24
29
34
38
43
48
53
58
63
68
71
76
24
29
34
38
43
48
53
58
63
68
71
76
80
82
24
29
34
38
43
48
53
58
63
68
71
76
80
82
86
88
24
29
34
38
43
48
53
58
63
68
71
76
80
82
86
88
92
96
24
29
34
38
43
48
53
58
63
68
71
76
80
82
86
88
92
96
100
104
24
29
34
38
43
48
53
58
63
68
71
76
80
82
86
88
92
96
100
104
108
114
24
29
34
38
43
48
53
58
63
68
71
76
80
82
86
88
92
96
100
104
108
114
118
122
24
29
34
38
43
48
53
58
63
68
71
76
80
82
86
88
92
96
100
104
108
114
118
122
126
130
24
29
34
38
43
48
53
58
63
68
71
76
80
82
86
88
92
96
100
104
108
114
118
122
126
130
134
138
24
29
34
38
43
48
53
58
63
68
71
76
80
82
86
88
92
96
100
104
108
114
118
122
126
130
134
138
142
146
24
29
34
38
43
48
53
58
63
68
71
76
80
82
86
88
92
96
100
104
108
114
118
122
126
130
134
138
142
146
150
154
24
29
34
38
43
48
53
58
63
68
71
76
80
82
86
88
92
96
100
104
108
114
118
122
126
130
134
138
142
146
150
154
160
164
24
29
34
38
43
48
53
58
63
68
71
76
80
82
86
88
92
96
100
104
108
114
118
122
126
130
134
138
142
146
150
154
160
164
168
173
24
29
34
38
43
48
53
58
63
68
71
76
80
82
86
88
92
96
100
104
108
114
118
122
126
130
134
138
142
146
150
154
160
164
168
173
178
183
24
29
34
38
43
48
53
58
63
68
71
76
80
82
86
88
92
96
100
104
108
114
118
122
126
130
134
138
142
146
150
154
160
164
168
173
178
183
188
193
24
29
34
38
43
48
53
58
63
68
71
76
80
82
86
88
92
96
100
104
108
114
118
122
126
130
134
138
142
146
150
154
160
164
168
173
178
183
188
193
199
204
24
29
34
38
43
48
53
58
63
68
71
76
80
82
86
88
92
96
100
104
108
114
118
122
126
130
134
138
142
146
150
154
160
164
168
173
178
183
188
193
199
204
210
215
24
29
34
38
43
48
53
58
63
68
71
76
80
82
86
88
92
96
100
104
108
114
118
122
126
130
134
138
142
146
150
154
160
164
168
173
178
183
188
193
199
204
210
215
220
227
24
29
34
38
43
48
53
58
63
68
71
76
80
82
86
88
92
96
100
104
108
114
118
122
126
130
134
138
142
146
150
154
160
164
168
173
178
183
188
193
199
204
210
215
220
227
233
241
24
29
34
38
43
48
53
58
63
68
71
76
80
82
86
88
92
96
100
104
108
114
118
122
126
130
134
138
142
146
150
154
160
164
168
173
178
183
188
193
199
204
210
215
220
227
233
241
247
253
24
29
34
38
43
48
53
58
63
68
71
76
80
82
86
88
92
96
100
104
108
114
118
122
126
130
134
138
142
146
150
154
160
164
168
173
178
183
188
193
199
204
210
215
220
227
233
241
247
253
261
267
24
29
34
38
43
48
53
58
63
68
71
76
80
82
86
88
92
96
100
104
108
114
118
122
126
130
134
138
142
146
150
154
160
164
168
173
178
183
188
193
199
204
210
215
220
227
233
241
247
253
261
267
273
278
24
29
34
38
43
48
53
58
63
68
71
76
80
82
86
88
92
96
100
104
108
114
118
122
126
130
134
138
142
146
150
154
160
164
168
173
178
183
188
193
199
204
210
215
220
227
233
241
247
253
261
267
273
278
284
290
24
29
34
38
43
48
53
58
63
68
71
76
80
82
86
88
92
96
100
104
108
114
118
122
126
130
134
138
142
146
150
154
160
164
168
173
178
183
188
193
199
204
210
215
220
227
233
241
247
253
261
267
273
278
284
290
297
303
24
29
34
38
43
48
53
58
63
68
71
76
80
82
86
88
92
96
100
104
108
114
118
122
126
130
134
138
142
146
150
154
160
164
168
173
178
183
188
193
199
204
210
215
220
227
233
241
247
253
261
267
273
278
284
290
297
303
309
315
24
29
34
38
43
48
53
58
63
68
71
76
80
82
86
88
92
96
100
104
108
114
118
122
126
130
134
138
142
146
150
154
160
164
168
173
178
183
188
193
199
204
210
215
220
227
233
241
247
253
261
267
273
278
284
290
297
303
309
315
320
326
24
29
34
38
43
48
53
58
63
68
71
76
80
82
86
88
92
96
100
104
108
114
118
122
126
130
134
138
142
146
150
154
160
164
168
173
178
183
188
193
199
204
210
215
220
227
233
241
247
253
261
267
273
278
284
290
297
303
309
315
320
326
331
337
24
29
34
38
43
48
53
58
63
68
71
76
80
82
86
88
92
96
100
104
108
114
118
122
126
130
134
138
142
146
150
154
160
164
168
173
178
183
188
193
199
204
210
215
220
227
233
241
247
253
261
267
273
278
284
290
297
303
309
315
320
326
331
337
344
350
24
29
34
38
43
48
53
58
63
68
71
76
80
82
86
88
92
96
100
104
108
114
118
122
126
130
134
138
142
146
150
154
160
164
168
173
178
183
188
193
199
204
210
215
220
227
233
241
247
253
261
267
273
278
284
290
297
303
309
315
320
326
331
337
344
350
356
361
24
29
34
38
43
48
53
58
63
68
71
76
80
82
86
88
92
96
100
104
108
114
118
122
126
130
134
138
142
146
150
154
160
164
168
173
178
183
188
193
199
204
210
215
220
227
233
241
247
253
261
267
273
278
284
290
297
303
309
315
320
326
331
337
344
350
356
361
369
373
24
29
34
38
43
48
53
58
63
68
71
76
80
82
86
88
92
96
100
104
108
114
118
122
126
130
134
138
142
146
150
154
160
164
168
173
178
183
188
193
199
204
210
215
220
227
233
241
247
253
261
267
273
278
284
290
297
303
309
315
320
326
331
337
344
350
356
361
369
373
376
383
24
29
34
38
43
48
53
58
63
68
71
76
80
82
86
88
92
96
100
104
108
114
118
122
126
130
134
138
142
146
150
154
160
164
168
173
178
183
188
193
199
204
210
215
220
227
233
241
247
253
261
267
273
278
284
290
297
303
309
315
320
326
331
337
344
350
356
361
369
373
376
383
389
395
24
29
34
38
43
48
53
58
63
68
71
76
80
82
86
88
92
96
100
104
108
114
118
122
126
130
134
138
142
146
150
154
160
164
168
173
178
183
188
193
199
204
210
215
220
227
233
241
247
253
261
267
273
278
284
290
297
303
309
315
320
326
331
337
344
350
356
361
369
373
376
383
389
395
399
405
24
29
34
38
43
48
53
58
63
68
71
76
80
82
86
88
92
96
100
104
108
114
118
122
126
130
134
138
142
146
150
154
160
164
168
173
178
183
188
193
199
204
210
215
220
227
233
241
247
253
261
267
273
278
284
290
297
303
309
315
320
326
331
337
344
350
356
361
369
373
376
383
389
395
399
405
412
418
24
29
34
38
43
48
53
58
63
68
71
76
80
82
86
88
92
96
100
104
108
114
118
122
126
130
134
138
142
146
150
154
160
164
168
173
178
183
188
193
199
204
210
215
220
227
233
241
247
253
261
267
273
278
284
290
297
303
309
315
320
326
331
337
344
350
356
361
369
373
376
383
389
395
399
405
412
418
426
432
24
29
34
38
43
48
53
58
63
68
71
76
80
82
86
88
92
96
100
104
108
114
118
122
126
130
134
138
142
146
150
154
160
164
168
173
178
183
188
193
199
204
210
215
220
227
233
241
247
253
261
267
273
278
284
290
297
303
309
315
320
326
331
337
344
350
356
361
369
373
376
383
389
395
399
405
412
418
426
432
438
443
24
29
34
38
43
48
53
58
63
68
71
76
80
82
86
88
92
96
100
104
108
114
118
122
126
130
134
138
142
146
150
154
160
164
168
173
178
183
188
193
199
204
210
215
220
227
233
241
247
253
261
267
273
278
284
290
297
303
309
315
320
326
331
337
344
350
356
361
369
373
376
383
389
395
399
405
412
418
426
432
438
443
449
455
24
29
34
38
43
48
53
58
63
68
71
76
80
82
86
88
92
96
100
104
108
114
118
122
126
130
134
138
142
146
150
154
160
164
168
173
178
183
188
193
199
204
210
215
220
227
233
241
247
253
261
267
273
278
284
290
297
303
309
315
320
326
331
337
344
350
356
361
369
373
376
383
389
395
399
405
412
418
426
432
438
443
449
455
462
468
24
29
34
38
43
48
53
58
63
68
71
76
80
82
86
88
92
96
100
104
108
114
118
122
126
130
134
138
142
146
150
154
160
164
168
173
178
183
188
193
199
204
210
215
220
227
233
241
247
253
261
267
273
278
284
290
297
303
309
315
320
326
331
337
344
350
356
361
369
373
376
383
389
395
399
405
412
418
426
432
438
443
449
455
462
468
474
482
24
29
34
38
43
48
53
58
63
68
71
76
80
82
86
88
92
96
100
104
108
114
118
122
126
130
134
138
142
146
150
154
160
164
168
173
178
183
188
193
199
204
210
215
220
227
233
241
247
253
261
267
273
278
284
290
297
303
309
315
320
326
331
337
344
350
356
361
369
373
376
383
389
395
399
405
412
418
426
432
438
443
449
455
462
468
474
482
486
491
24
29
34
38
43
48
53
58
63
68
71
76
80
82
86
88
92
96
100
104
108
114
118
122
126
130
134
138
142
146
150
154
160
164
168
173
178
183
188
193
199
204
210
215
220
227
233
241
247
253
261
267
273
278
284
290
297
303
309
315
320
326
331
337
344
350
356
361
369
373
376
383
389
395
399
405
412
418
426
432
438
443
449
455
462
468
474
482
486
491
497
503
24
29
34
38
43
48
53
58
63
68
71
76
80
82
86
88
92
96
100
104
108
114
118
122
126
130
134
138
142
146
150
154
160
164
168
173
178
183
188
193
199
204
210
215
220
227
233
241
247
253
261
267
273
278
284
290
297
303
309
315
320
326
331
337
344
350
356
361
369
373
376
383
389
395
399
405
412
418
426
432
438
443
449
455
462
468
474
482
486
491
497
503
509
515
24
29
34
38
43
48
53
58
63
68
71
76
80
82
86
88
92
96
100
104
108
114
118
122
126
130
134
138
142
146
150
154
160
164
168
173
178
183
188
193
199
204
210
215
220
227
233
241
247
253
261
267
273
278
284
290
297
303
309
315
320
326
331
337
344
350
356
361
369
373
376
383
389
395
399
405
412
418
426
432
438
443
449
455
462
468
474
482
486
491
497
503
509
515
522
528
24
29
34
38
43
48
53
58
63
68
71
76
80
82
86
88
92
96
100
104
108
114
118
122
126
130
134
138
142
146
150
154
160
164
168
173
178
183
188
193
199
204
210
215
220
227
233
241
247
253
261
267
273
278
284
290
297
303
309
315
320
326
331
337
344
350
356
361
369
373
376
383
389
395
399
405
412
418
426
432
438
443
449
455
462
468
474
482
486
491
497
503
509
515
522
528
534
541
24
29
34
38
43
48
53
58
63
68
71
76
80
82
86
88
92
96
100
104
108
114
118
122
126
130
134
138
142
146
150
154
160
164
168
173
178
183
188
193
199
204
210
215
220
227
233
241
247
253
261
267
273
278
284
290
297
303
309
315
320
326
331
337
344
350
356
361
369
373
376
383
389
395
399
405
412
418
426
432
438
443
449
455
462
468
474
482
486
491
497
503
509
515
522
528
534
541
547
554
24
29
34
38
43
48
53
58
63
68
71
76
80
82
86
88
92
96
100
104
108
114
118
122
126
130
134
138
142
146
150
154
160
164
168
173
178
183
188
193
199
204
210
215
220
227
233
241
247
253
261
267
273
278
284
290
297
303
309
315
320
326
331
337
344
350
356
361
369
373
376
383
389
395
399
405
412
418
426
432
438
443
449
455
462
468
474
482
486
491
497
503
509
515
522
528
534
541
547
554
560
566
24
29
34
38
43
48
53
58
63
68
71
76
80
82
86
88
92
96
100
104
108
114
118
122
126
130
134
138
142
146
150
154
160
164
168
173
178
183
188
193
199
204
210
215
220
227
233
241
247
253
261
267
273
278
284
290
297
303
309
315
320
326
331
337
344
350
356
361
369
373
376
383
389
395
399
405
412
418
426
432
438
443
449
455
462
468
474
482
486
491
497
503
509
515
522
528
534
541
547
554
560
566
572
577
24
29
34
38
43
48
53
58
63
68
71
76
80
82
86
88
92
96
100
104
108
114
118
122
126
130
134
138
142
146
150
154
160
164
168
173
178
183
188
193
199
204
210
215
220
227
233
241
247
253
261
267
273
278
284
290
297
303
309
315
320
326
331
337
344
350
356
361
369
373
376
383
389
395
399
405
412
418
426
432
438
443
449
455
462
468
474
482
486
491
497
503
509
515
522
528
534
541
547
554
560
566
572
577
583
589
24
29
34
38
43
48
53
58
63
68
71
76
80
82
86
88
92
96
100
104
108
114
118
122
126
130
134
138
142
146
150
154
160
164
168
173
178
183
188
193
199
204
210
215
220
227
233
241
247
253
261
267
273
278
284
290
297
303
309
315
320
326
331
337
344
350
356
361
369
373
376
383
389
395
399
405
412
418
426
432
438
443
449
455
462
468
474
482
486
491
497
503
509
515
522
528
534
541
547
554
560
566
572
577
583
589
595
599
24
29
34
38
43
48
53
58
63
68
71
76
80
82
86
88
92
96
100
104
108
114
118
122
126
130
134
138
142
146
150
154
160
164
168
173
178
183
188
193
199
204
210
215
220
227
233
241
247
253
261
267
273
278
284
290
297
303
309
315
320
326
331
337
344
350
356
361
369
373
376
383
389
395
399
405
412
418
426
432
438
443
449
455
462
468
474
482
486
491
497
503
509
515
522
528
534
541
547
554
560
566
572
577
583
589
595
599
606
612
24
29
34
38
43
48
53
58
63
68
71
76
80
82
86
88
92
96
100
104
108
114
118
122
126
130
134
138
142
146
150
154
160
164
168
173
178
183
188
193
199
204
210
215
220
227
233
241
247
253
261
267
273
278
284
290
297
303
309
315
320
326
331
337
344
350
356
361
369
373
376
383
389
395
399
405
412
418
426
432
438
443
449
455
462
468
474
482
486
491
497
503
509
515
522
528
534
541
547
554
560
566
572
577
583
589
595
599
606
612
617
623
24
29
34
38
43
48
53
58
63
68
71
76
80
82
86
88
92
96
100
104
108
114
118
122
126
130
134
138
142
146
150
154
160
164
168
173
178
183
188
193
199
204
210
215
220
227
233
241
247
253
261
267
273
278
284
290
297
303
309
315
320
326
331
337
344
350
356
361
369
373
376
383
389
395
399
405
412
418
426
432
438
443
449
455
462
468
474
482
486
491
497
503
509
515
522
528
534
541
547
554
560
566
572
577
583
589
595
599
606
612
617
623
627
650
24
29
34
38
43
48
53
58
63
68
71
76
80
82
86
88
92
96
100
104
108
114
118
122
126
130
134
138
142
146
150
154
160
164
168
173
178
183
188
193
199
204
210
215
220
227
233
241
247
253
261
267
273
278
284
290
297
303
309
315
320
326
331
337
344
350
356
361
369
373
376
383
389
395
399
405
412
418
426
432
438
443
449
455
462
468
474
482
486
491
497
503
509
515
522
528
534
541
547
554
560
566
572
577
583
589
595
599
606
612
617
623
627
650
657
663
24
29
34
38
43
48
53
58
63
68
71
76
80
82
86
88
92
96
100
104
108
114
118
122
126
130
134
138
142
146
150
154
160
164
168
173
178
183
188
193
199
204
210
215
220
227
233
241
247
253
261
267
273
278
284
290
297
303
309
315
320
326
331
337
344
350
356
361
369
373
376
383
389
395
399
405
412
418
426
432
438
443
449
455
462
468
474
482
486
491
497
503
509
515
522
528
534
541
547
554
560
566
572
577
583
589
595
599
606
612
617
623
627
650
657
663
669
675
24
29
34
38
43
48
53
58
63
68
71
76
80
82
86
88
92
96
100
104
108
114
118
122
126
130
134
138
142
146
150
154
160
164
168
173
178
183
188
193
199
204
210
215
220
227
233
241
247
253
261
267
273
278
284
290
297
303
309
315
320
326
331
337
344
350
356
361
369
373
376
383
389
395
399
405
412
418
426
432
438
443
449
455
462
468
474
482
486
491
497
503
509
515
522
528
534
541
547
554
560
566
572
577
583
589
595
599
606
612
617
623
627
650
657
663
669
675
681
685
24
29
34
38
43
48
53
58
63
68
71
76
80
82
86
88
92
96
100
104
108
114
118
122
126
130
134
138
142
146
150
154
160
164
168
173
178
183
188
193
199
204
210
215
220
227
233
241
247
253
261
267
273
278
284
290
297
303
309
315
320
326
331
337
344
350
356
361
369
373
376
383
389
395
399
405
412
418
426
432
438
443
449
455
462
468
474
482
486
491
497
503
509
515
522
528
534
541
547
554
560
566
572
577
583
589
595
599
606
612
617
623
627
650
657
663
669
675
681
685
691
699
24
29
34
38
43
48
53
58
63
68
71
76
80
82
86
88
92
96
100
104
108
114
118
122
126
130
134
138
142
146
150
154
160
164
168
173
178
183
188
193
199
204
210
215
220
227
233
241
247
253
261
267
273
278
284
290
297
303
309
315
320
326
331
337
344
350
356
361
369
373
376
383
389
395
399
405
412
418
426
432
438
443
449
455
462
468
474
482
486
491
497
503
509
515
522
528
534
541
547
554
560
566
572
577
583
589
595
599
606
612
617
623
627
650
657
663
669
675
681
685
691
699
706
712
24
29
34
38
43
48
53
58
63
68
71
76
80
82
86
88
92
96
100
104
108
114
118
122
126
130
134
138
142
146
150
154
160
164
168
173
178
183
188
193
199
204
210
215
220
227
233
241
247
253
261
267
273
278
284
290
297
303
309
315
320
326
331
337
344
350
356
361
369
373
376
383
389
395
399
405
412
418
426
432
438
443
449
455
462
468
474
482
486
491
497
503
509
515
522
528
534
541
547
554
560
566
572
577
583
589
595
599
606
612
617
623
627
650
657
663
669
675
681
685
691
699
706
712
718
724
24
29
34
38
43
48
53
58
63
68
71
76
80
82
86
88
92
96
100
104
108
114
118
122
126
130
134
138
142
146
150
154
160
164
168
173
178
183
188
193
199
204
210
215
220
227
233
241
247
253
261
267
273
278
284
290
297
303
309
315
320
326
331
337
344
350
356
361
369
373
376
383
389
395
399
405
412
418
426
432
438
443
449
455
462
468
474
482
486
491
497
503
509
515
522
528
534
541
547
554
560
566
572
577
583
589
595
599
606
612
617
623
627
650
657
663
669
675
681
685
691
699
706
712
718
724
728
734
24
29
34
38
43
48
53
58
63
68
71
76
80
82
86
88
92
96
100
104
108
114
118
122
126
130
134
138
142
146
150
154
160
164
168
173
178
183
188
193
199
204
210
215
220
227
233
241
247
253
261
267
273
278
284
290
297
303
309
315
320
326
331
337
344
350
356
361
369
373
376
383
389
395
399
405
412
418
426
432
438
443
449
455
462
468
474
482
486
491
497
503
509
515
522
528
534
541
547
554
560
566
572
577
583
589
595
599
606
612
617
623
627
650
657
663
669
675
681
685
691
699
706
712
718
724
728
734
740
745
24
29
34
38
43
48
53
58
63
68
71
76
80
82
86
88
92
96
100
104
108
114
118
122
126
130
134
138
142
146
150
154
160
164
168
173
178
183
188
193
199
204
210
215
220
227
233
241
247
253
261
267
273
278
284
290
297
303
309
315
320
326
331
337
344
350
356
361
369
373
376
383
389
395
399
405
412
418
426
432
438
443
449
455
462
468
474
482
486
491
497
503
509
515
522
528
534
541
547
554
560
566
572
577
583
589
595
599
606
612
617
623
627
650
657
663
669
675
681
685
691
699
706
712
718
724
728
734
740
745
751
755
24
29
34
38
43
48
53
58
63
68
71
76
80
82
86
88
92
96
100
104
108
114
118
122
126
130
134
138
142
146
150
154
160
164
168
173
178
183
188
193
199
204
210
215
220
227
233
241
247
253
261
267
273
278
284
290
297
303
309
315
320
326
331
337
344
350
356
361
369
373
376
383
389
395
399
405
412
418
426
432
438
443
449
455
462
468
474
482
486
491
497
503
509
515
522
528
534
541
547
554
560
566
572
577
583
589
595
599
606
612
617
623
627
650
657
663
669
675
681
685
691
699
706
712
718
724
728
734
740
745
751
755
761
765
24
29
34
38
43
48
53
58
63
68
71
76
80
82
86
88
92
96
100
104
108
114
118
122
126
130
134
138
142
146
150
154
160
164
168
173
178
183
188
193
199
204
210
215
220
227
233
241
247
253
261
267
273
278
284
290
297
303
309
315
320
326
331
337
344
350
356
361
369
373
376
383
389
395
399
405
412
418
426
432
438
443
449
455
462
468
474
482
486
491
497
503
509
515
522
528
534
541
547
554
560
566
572
577
583
589
595
599
606
612
617
623
627
650
657
663
669
675
681
685
691
699
706
712
718
724
728
734
740
745
751
755
761
765
771
778
24
29
34
38
43
48
53
58
63
68
71
76
80
82
86
88
92
96
100
104
108
114
118
122
126
130
134
138
142
146
150
154
160
164
168
173
178
183
188
193
199
204
210
215
220
227
233
241
247
253
261
267
273
278
284
290
297
303
309
315
320
326
331
337
344
350
356
361
369
373
376
383
389
395
399
405
412
418
426
432
438
443
449
455
462
468
474
482
486
491
497
503
509
515
522
528
534
541
547
554
560
566
572
577
583
589
595
599
606
612
617
623
627
650
657
663
669
675
681
685
691
699
706
712
718
724
728
734
740
745
751
755
761
765
771
778
784
790
24
29
34
38
43
48
53
58
63
68
71
76
80
82
86
88
92
96
100
104
108
114
118
122
126
130
134
138
142
146
150
154
160
164
168
173
178
183
188
193
199
204
210
215
220
227
233
241
247
253
261
267
273
278
284
290
297
303
309
315
320
326
331
337
344
350
356
361
369
373
376
383
389
395
399
405
412
418
426
432
438
443
449
455
462
468
474
482
486
491
497
503
509
515
522
528
534
541
547
554
560
566
572
577
583
589
595
599
606
612
617
623
627
650
657
663
669
675
681
685
691
699
706
712
718
724
728
734
740
745
751
755
761
765
771
778
784
790
796
802
24
29
34
38
43
48
53
58
63
68
71
76
80
82
86
88
92
96
100
104
108
114
118
122
126
130
134
138
142
146
150
154
160
164
168
173
178
183
188
193
199
204
210
215
220
227
233
241
247
253
261
267
273
278
284
290
297
303
309
315
320
326
331
337
344
350
356
361
369
373
376
383
389
395
399
405
412
418
426
432
438
443
449
455
462
468
474
482
486
491
497
503
509
515
522
528
534
541
547
554
560
566
572
577
583
589
595
599
606
612
617
623
627
650
657
663
669
675
681
685
691
699
706
712
718
724
728
734
740
745
751
755
761
765
771
778
784
790
796
802
806
812
24
29
34
38
43
48
53
58
63
68
71
76
80
82
86
88
92
96
100
104
108
114
118
122
126
130
134
138
142
146
150
154
160
164
168
173
178
183
188
193
199
204
210
215
220
227
233
241
247
253
261
267
273
278
284
290
297
303
309
315
320
326
331
337
344
350
356
361
369
373
376
383
389
395
399
405
412
418
426
432
438
443
449
455
462
468
474
482
486
491
497
503
509
515
522
528
534
541
547
554
560
566
572
577
583
589
595
599
606
612
617
623
627
650
657
663
669
675
681
685
691
699
706
712
718
724
728
734
740
745
751
755
761
765
771
778
784
790
796
802
806
812
819
825
24
29
34
38
43
48
53
58
63
68
71
76
80
82
86
88
92
96
100
104
108
114
118
122
126
130
134
138
142
146
150
154
160
164
168
173
178
183
188
193
199
204
210
215
220
227
233
241
247
253
261
267
273
278
284
290
297
303
309
315
320
326
331
337
344
350
356
361
369
373
376
383
389
395
399
405
412
418
426
432
438
443
449
455
462
468
474
482
486
491
497
503
509
515
522
528
534
541
547
554
560
566
572
577
583
589
595
599
606
612
617
623
627
650
657
663
669
675
681
685
691
699
706
712
718
724
728
734
740
745
751
755
761
765
771
778
784
790
796
802
806
812
819
825
832
836
24
29
34
38
43
48
53
58
63
68
71
76
80
82
86
88
92
96
100
104
108
114
118
122
126
130
134
138
142
146
150
154
160
164
168
173
178
183
188
193
199
204
210
215
220
227
233
241
247
253
261
267
273
278
284
290
297
303
309
315
320
326
331
337
344
350
356
361
369
373
376
383
389
395
399
405
412
418
426
432
438
443
449
455
462
468
474
482
486
491
497
503
509
515
522
528
534
541
547
554
560
566
572
577
583
589
595
599
606
612
617
623
627
650
657
663
669
675
681
685
691
699
706
712
718
724
728
734
740
745
751
755
761
765
771
778
784
790
796
802
806
812
819
825
832
836
842
849
24
29
34
38
43
48
53
58
63
68
71
76
80
82
86
88
92
96
100
104
108
114
118
122
126
130
134
138
142
146
150
154
160
164
168
173
178
183
188
193
199
204
210
215
220
227
233
241
247
253
261
267
273
278
284
290
297
303
309
315
320
326
331
337
344
350
356
361
369
373
376
383
389
395
399
405
412
418
426
432
438
443
449
455
462
468
474
482
486
491
497
503
509
515
522
528
534
541
547
554
560
566
572
577
583
589
595
599
606
612
617
623
627
650
657
663
669
675
681
685
691
699
706
712
718
724
728
734
740
745
751
755
761
765
771
778
784
790
796
802
806
812
819
825
832
836
842
849
854
860
24
29
34
38
43
48
53
58
63
68
71
76
80
82
86
88
92
96
100
104
108
114
118
122
126
130
134
138
142
146
150
154
160
164
168
173
178
183
188
193
199
204
210
215
220
227
233
241
247
253
261
267
273
278
284
290
297
303
309
315
320
326
331
337
344
350
356
361
369
373
376
383
389
395
399
405
412
418
426
432
438
443
449
455
462
468
474
482
486
491
497
503
509
515
522
528
534
541
547
554
560
566
572
577
583
589
595
599
606
612
617
623
627
650
657
663
669
675
681
685
691
699
706
712
718
724
728
734
740
745
751
755
761
765
771
778
784
790
796
802
806
812
819
825
832
836
842
849
854
860
866
872
24
29
34
38
43
48
53
58
63
68
71
76
80
82
86
88
92
96
100
104
108
114
118
122
126
130
134
138
142
146
150
154
160
164
168
173
178
183
188
193
199
204
210
215
220
227
233
241
247
253
261
267
273
278
284
290
297
303
309
315
320
326
331
337
344
350
356
361
369
373
376
383
389
395
399
405
412
418
426
432
438
443
449
455
462
468
474
482
486
491
497
503
509
515
522
528
534
541
547
554
560
566
572
577
583
589
595
599
606
612
617
623
627
650
657
663
669
675
681
685
691
699
706
712
718
724
728
734
740
745
751
755
761
765
771
778
784
790
796
802
806
812
819
825
832
836
842
849
854
860
866
872
878
884
24
29
34
38
43
48
53
58
63
68
71
76
80
82
86
88
92
96
100
104
108
114
118
122
126
130
134
138
142
146
150
154
160
164
168
173
178
183
188
193
199
204
210
215
220
227
233
241
247
253
261
267
273
278
284
290
297
303
309
315
320
326
331
337
344
350
356
361
369
373
376
383
389
395
399
405
412
418
426
432
438
443
449
455
462
468
474
482
486
491
497
503
509
515
522
528
534
541
547
554
560
566
572
577
583
589
595
599
606
612
617
623
627
650
657
663
669
675
681
685
691
699
706
712
718
724
728
734
740
745
751
755
761
765
771
778
784
790
796
802
806
812
819
825
832
836
842
849
854
860
866
872
878
884
888
897
24
29
34
38
43
48
53
58
63
68
71
76
80
82
86
88
92
96
100
104
108
114
118
122
126
130
134
138
142
146
150
154
160
164
168
173
178
183
188
193
199
204
210
215
220
227
233
241
247
253
261
267
273
278
284
290
297
303
309
315
320
326
331
337
344
350
356
361
369
373
376
383
389
395
399
405
412
418
426
432
438
443
449
455
462
468
474
482
486
491
497
503
509
515
522
528
534
541
547
554
560
566
572
577
583
589
595
599
606
612
617
623
627
650
657
663
669
675
681
685
691
699
706
712
718
724
728
734
740
745
751
755
761
765
771
778
784
790
796
802
806
812
819
825
832
836
842
849
854
860
866
872
878
884
888
897
902
908
24
29
34
38
43
48
53
58
63
68
71
76
80
82
86
88
92
96
100
104
108
114
118
122
126
130
134
138
142
146
150
154
160
164
168
173
178
183
188
193
199
204
210
215
220
227
233
241
247
253
261
267
273
278
284
290
297
303
309
315
320
326
331
337
344
350
356
361
369
373
376
383
389
395
399
405
412
418
426
432
438
443
449
455
462
468
474
482
486
491
497
503
509
515
522
528
534
541
547
554
560
566
572
577
583
589
595
599
606
612
617
623
627
650
657
663
669
675
681
685
691
699
706
712
718
724
728
734
740
745
751
755
761
765
771
778
784
790
796
802
806
812
819
825
832
836
842
849
854
860
866
872
878
884
888
897
902
908
914
920
24
29
34
38
43
48
53
58
63
68
71
76
80
82
86
88
92
96
100
104
108
114
118
122
126
130
134
138
142
146
150
154
160
164
168
173
178
183
188
193
199
204
210
215
220
227
233
241
247
253
261
267
273
278
284
290
297
303
309
315
320
326
331
337
344
350
356
361
369
373
376
383
389
395
399
405
412
418
426
432
438
443
449
455
462
468
474
482
486
491
497
503
509
515
522
528
534
541
547
554
560
566
572
577
583
589
595
599
606
612
617
623
627
650
657
663
669
675
681
685
691
699
706
712
718
724
728
734
740
745
751
755
761
765
771
778
784
790
796
802
806
812
819
825
832
836
842
849
854
860
866
872
878
884
888
897
902
908
914
920
926
933
24
29
34
38
43
48
53
58
63
68
71
76
80
82
86
88
92
96
100
104
108
114
118
122
126
130
134
138
142
146
150
154
160
164
168
173
178
183
188
193
199
204
210
215
220
227
233
241
247
253
261
267
273
278
284
290
297
303
309
315
320
326
331
337
344
350
356
361
369
373
376
383
389
395
399
405
412
418
426
432
438
443
449
455
462
468
474
482
486
491
497
503
509
515
522
528
534
541
547
554
560
566
572
577
583
589
595
599
606
612
617
623
627
650
657
663
669
675
681
685
691
699
706
712
718
724
728
734
740
745
751
755
761
765
771
778
784
790
796
802
806
812
819
825
832
836
842
849
854
860
866
872
878
884
888
897
902
908
914
920
926
933
939
945
24
29
34
38
43
48
53
58
63
68
71
76
80
82
86
88
92
96
100
104
108
114
118
122
126
130
134
138
142
146
150
154
160
164
168
173
178
183
188
193
199
204
210
215
220
227
233
241
247
253
261
267
273
278
284
290
297
303
309
315
320
326
331
337
344
350
356
361
369
373
376
383
389
395
399
405
412
418
426
432
438
443
449
455
462
468
474
482
486
491
497
503
509
515
522
528
534
541
547
554
560
566
572
577
583
589
595
599
606
612
617
623
627
650
657
663
669
675
681
685
691
699
706
712
718
724
728
734
740
745
751
755
761
765
771
778
784
790
796
802
806
812
819
825
832
836
842
849
854
860
866
872
878
884
888
897
902
908
914
920
926
933
939
945
951
957
24
29
34
38
43
48
53
58
63
68
71
76
80
82
86
88
92
96
100
104
108
114
118
122
126
130
134
138
142
146
150
154
160
164
168
173
178
183
188
193
199
204
210
215
220
227
233
241
247
253
261
267
273
278
284
290
297
303
309
315
320
326
331
337
344
350
356
361
369
373
376
383
389
395
399
405
412
418
426
432
438
443
449
455
462
468
474
482
486
491
497
503
509
515
522
528
534
541
547
554
560
566
572
577
583
589
595
599
606
612
617
623
627
650
657
663
669
675
681
685
691
699
706
712
718
724
728
734
740
745
751
755
761
765
771
778
784
790
796
802
806
812
819
825
832
836
842
849
854
860
866
872
878
884
888
897
902
908
914
920
926
933
939
945
951
957
963
969
24
29
34
38
43
48
53
58
63
68
71
76
80
82
86
88
92
96
100
104
108
114
118
122
126
130
134
138
142
146
150
154
160
164
168
173
178
183
188
193
199
204
210
215
220
227
233
241
247
253
261
267
273
278
284
290
297
303
309
315
320
326
331
337
344
350
356
361
369
373
376
383
389
395
399
405
412
418
426
432
438
443
449
455
462
468
474
482
486
491
497
503
509
515
522
528
534
541
547
554
560
566
572
577
583
589
595
599
606
612
617
623
627
650
657
663
669
675
681
685
691
699
706
712
718
724
728
734
740
745
751
755
761
765
771
778
784
790
796
802
806
812
819
825
832
836
842
849
854
860
866
872
878
884
888
897
902
908
914
920
926
933
939
945
951
957
963
969
975
982
24
29
34
38
43
48
53
58
63
68
71
76
80
82
86
88
92
96
100
104
108
114
118
122
126
130
134
138
142
146
150
154
160
164
168
173
178
183
188
193
199
204
210
215
220
227
233
241
247
253
261
267
273
278
284
290
297
303
309
315
320
326
331
337
344
350
356
361
369
373
376
383
389
395
399
405
412
418
426
432
438
443
449
455
462
468
474
482
486
491
497
503
509
515
522
528
534
541
547
554
560
566
572
577
583
589
595
599
606
612
617
623
627
650
657
663
669
675
681
685
691
699
706
712
718
724
728
734
740
745
751
755
761
765
771
778
784
790
796
802
806
812
819
825
832
836
842
849
854
860
866
872
878
884
888
897
902
908
914
920
926
933
939
945
951
957
963
969
975
982
988
994
24
29
34
38
43
48
53
58
63
68
71
76
80
82
86
88
92
96
100
104
108
114
118
122
126
130
134
138
142
146
150
154
160
164
168
173
178
183
188
193
199
204
210
215
220
227
233
241
247
253
261
267
273
278
284
290
297
303
309
315
320
326
331
337
344
350
356
361
369
373
376
383
389
395
399
405
412
418
426
432
438
443
449
455
462
468
474
482
486
491
497
503
509
515
522
528
534
541
547
554
560
566
572
577
583
589
595
599
606
612
617
623
627
650
657
663
669
675
681
685
691
699
706
712
718
724
728
734
740
745
751
755
761
765
771
778
784
790
796
802
806
812
819
825
832
836
842
849
854
860
866
872
878
884
888
897
902
908
914
920
926
933
939
945
951
957
963
969
975
982
988
994
1000
1006
24
29
34
38
43
48
53
58
63
68
71
76
80
82
86
88
92
96
100
104
108
114
118
122
126
130
134
138
142
146
150
154
160
164
168
173
178
183
188
193
199
204
210
215
220
227
233
241
247
253
261
267
273
278
284
290
297
303
309
315
320
326
331
337
344
350
356
361
369
373
376
383
389
395
399
405
412
418
426
432
438
443
449
455
462
468
474
482
486
491
497
503
509
515
522
528
534
541
547
554
560
566
572
577
583
589
595
599
606
612
617
623
627
650
657
663
669
675
681
685
691
699
706
712
718
724
728
734
740
745
751
755
761
765
771
778
784
790
796
802
806
812
819
825
832
836
842
849
854
860
866
872
878
884
888
897
902
908
914
920
926
933
939
945
951
957
963
969
975
982
988
994
1000
1006
1013
1019
24
29
34
38
43
48
53
58
63
68
71
76
80
82
86
88
92
96
100
104
108
114
118
122
126
130
134
138
142
146
150
154
160
164
168
173
178
183
188
193
199
204
210
215
220
227
233
241
247
253
261
267
273
278
284
290
297
303
309
315
320
326
331
337
344
350
356
361
369
373
376
383
389
395
399
405
412
418
426
432
438
443
449
455
462
468
474
482
486
491
497
503
509
515
522
528
534
541
547
554
560
566
572
577
583
589
595
599
606
612
617
623
627
650
657
663
669
675
681
685
691
699
706
712
718
724
728
734
740
745
751
755
761
765
771
778
784
790
796
802
806
812
819
825
832
836
842
849
854
860
866
872
878
884
888
897
902
908
914
920
926
933
939
945
951
957
963
969
975
982
988
994
1000
1006
1013
1019
1025
1031
24
29
34
38
43
48
53
58
63
68
71
76
80
82
86
88
92
96
100
104
108
114
118
122
126
130
134
138
142
146
150
154
160
164
168
173
178
183
188
193
199
204
210
215
220
227
233
241
247
253
261
267
273
278
284
290
297
303
309
315
320
326
331
337
344
350
356
361
369
373
376
383
389
395
399
405
412
418
426
432
438
443
449
455
462
468
474
482
486
491
497
503
509
515
522
528
534
541
547
554
560
566
572
577
583
589
595
599
606
612
617
623
627
650
657
663
669
675
681
685
691
699
706
712
718
724
728
734
740
745
751
755
761
765
771
778
784
790
796
802
806
812
819
825
832
836
842
849
854
860
866
872
878
884
888
897
902
908
914
920
926
933
939
945
951
957
963
969
975
982
988
994
1000
1006
1013
1019
1025
1031
1037
1043
24
29
34
38
43
48
53
58
63
68
71
76
80
82
86
88
92
96
100
104
108
114
118
122
126
130
134
138
142
146
150
154
160
164
168
173
178
183
188
193
199
204
210
215
220
227
233
241
247
253
261
267
273
278
284
290
297
303
309
315
320
326
331
337
344
350
356
361
369
373
376
383
389
395
399
405
412
418
426
432
438
443
449
455
462
468
474
482
486
491
497
503
509
515
522
528
534
541
547
554
560
566
572
577
583
589
595
599
606
612
617
623
627
650
657
663
669
675
681
685
691
699
706
712
718
724
728
734
740
745
751
755
761
765
771
778
784
790
796
802
806
812
819
825
832
836
842
849
854
860
866
872
878
884
888
897
902
908
914
920
926
933
939
945
951
957
963
969
975
982
988
994
1000
1006
1013
1019
1025
1031
1037
1043
1049
1055
24
29
34
38
43
48
53
58
63
68
71
76
80
82
86
88
92
96
100
104
108
114
118
122
126
130
134
138
142
146
150
154
160
164
168
173
178
183
188
193
199
204
210
215
220
227
233
241
247
253
261
267
273
278
284
290
297
303
309
315
320
326
331
337
344
350
356
361
369
373
376
383
389
395
399
405
412
418
426
432
438
443
449
455
462
468
474
482
486
491
497
503
509
515
522
528
534
541
547
554
560
566
572
577
583
589
595
599
606
612
617
623
627
650
657
663
669
675
681
685
691
699
706
712
718
724
728
734
740
745
751
755
761
765
771
778
784
790
796
802
806
812
819
825
832
836
842
849
854
860
866
872
878
884
888
897
902
908
914
920
926
933
939
945
951
957
963
969
975
982
988
994
1000
1006
1013
1019
1025
1031
1037
1043
1049
1055
1061
1067
24
29
34
38
43
48
53
58
63
68
71
76
80
82
86
88
92
96
100
104
108
114
118
122
126
130
134
138
142
146
150
154
160
164
168
173
178
183
188
193
199
204
210
215
220
227
233
241
247
253
261
267
273
278
284
290
297
303
309
315
320
326
331
337
344
350
356
361
369
373
376
383
389
395
399
405
412
418
426
432
438
443
449
455
462
468
474
482
486
491
497
503
509
515
522
528
534
541
547
554
560
566
572
577
583
589
595
599
606
612
617
623
627
650
657
663
669
675
681
685
691
699
706
712
718
724
728
734
740
745
751
755
761
765
771
778
784
790
796
802
806
812
819
825
832
836
842
849
854
860
866
872
878
884
888
897
902
908
914
920
926
933
939
945
951
957
963
969
975
982
988
994
1000
1006
1013
1019
1025
1031
1037
1043
1049
1055
1061
1067
1073
1079
24
29
34
38
43
48
53
58
63
68
71
76
80
82
86
88
92
96
100
104
108
114
118
122
126
130
134
138
142
146
150
154
160
164
168
173
178
183
188
193
199
204
210
215
220
227
233
241
247
253
261
267
273
278
284
290
297
303
309
315
320
326
331
337
344
350
356
361
369
373
376
383
389
395
399
405
412
418
426
432
438
443
449
455
462
468
474
482
486
491
497
503
509
515
522
528
534
541
547
554
560
566
572
577
583
589
595
599
606
612
617
623
627
650
657
663
669
675
681
685
691
699
706
712
718
724
728
734
740
745
751
755
761
765
771
778
784
790
796
802
806
812
819
825
832
836
842
849
854
860
866
872
878
884
888
897
902
908
914
920
926
933
939
945
951
957
963
969
975
982
988
994
1000
1006
1013
1019
1025
1031
1037
1043
1049
1055
1061
1067
1073
1079
1085
1091
24
29
34
38
43
48
53
58
63
68
71
76
80
82
86
88
92
96
100
104
108
114
118
122
126
130
134
138
142
146
150
154
160
164
168
173
178
183
188
193
199
204
210
215
220
227
233
241
247
253
261
267
273
278
284
290
297
303
309
315
320
326
331
337
344
350
356
361
369
373
376
383
389
395
399
405
412
418
426
432
438
443
449
455
462
468
474
482
486
491
497
503
509
515
522
528
534
541
547
554
560
566
572
577
583
589
595
599
606
612
617
623
627
650
657
663
669
675
681
685
691
699
706
712
718
724
728
734
740
745
751
755
761
765
771
778
784
790
796
802
806
812
819
825
832
836
842
849
854
860
866
872
878
884
888
897
902
908
914
920
926
933
939
945
951
957
963
969
975
982
988
994
1000
1006
1013
1019
1025
1031
1037
1043
1049
1055
1061
1067
1073
1079
1085
1091
1097
1103
24
29
34
38
43
48
53
58
63
68
71
76
80
82
86
88
92
96
100
104
108
114
118
122
126
130
134
138
142
146
150
154
160
164
168
173
178
183
188
193
199
204
210
215
220
227
233
241
247
253
261
267
273
278
284
290
297
303
309
315
320
326
331
337
344
350
356
361
369
373
376
383
389
395
399
405
412
418
426
432
438
443
449
455
462
468
474
482
486
491
497
503
509
515
522
528
534
541
547
554
560
566
572
577
583
589
595
599
606
612
617
623
627
650
657
663
669
675
681
685
691
699
706
712
718
724
728
734
740
745
751
755
761
765
771
778
784
790
796
802
806
812
819
825
832
836
842
849
854
860
866
872
878
884
888
897
902
908
914
920
926
933
939
945
951
957
963
969
975
982
988
994
1000
1006
1013
1019
1025
1031
1037
1043
1049
1055
1061
1067
1073
1079
1085
1091
1097
1103
1109
1115
24
29
34
38
43
48
53
58
63
68
71
76
80
82
86
88
92
96
100
104
108
114
118
122
126
130
134
138
142
146
150
154
160
164
168
173
178
183
188
193
199
204
210
215
220
227
233
241
247
253
261
267
273
278
284
290
297
303
309
315
320
326
331
337
344
350
356
361
369
373
376
383
389
395
399
405
412
418
426
432
438
443
449
455
462
468
474
482
486
491
497
503
509
515
522
528
534
541
547
554
560
566
572
577
583
589
595
599
606
612
617
623
627
650
657
663
669
675
681
685
691
699
706
712
718
724
728
734
740
745
751
755
761
765
771
778
784
790
796
802
806
812
819
825
832
836
842
849
854
860
866
872
878
884
888
897
902
908
914
920
926
933
939
945
951
957
963
969
975
982
988
994
1000
1006
1013
1019
1025
1031
1037
1043
1049
1055
1061
1067
1073
1079
1085
1091
1097
1103
1109
1115
1121
1127
24
29
34
38
43
48
53
58
63
68
71
76
80
82
86
88
92
96
100
104
108
114
118
122
126
130
134
138
142
146
150
154
160
164
168
173
178
183
188
193
199
204
210
215
220
227
233
241
247
253
261
267
273
278
284
290
297
303
309
315
320
326
331
337
344
350
356
361
369
373
376
383
389
395
399
405
412
418
426
432
438
443
449
455
462
468
474
482
486
491
497
503
509
515
522
528
534
541
547
554
560
566
572
577
583
589
595
599
606
612
617
623
627
650
657
663
669
675
681
685
691
699
706
712
718
724
728
734
740
745
751
755
761
765
771
778
784
790
796
802
806
812
819
825
832
836
842
849
854
860
866
872
878
884
888
897
902
908
914
920
926
933
939
945
951
957
963
969
975
982
988
994
1000
1006
1013
1019
1025
1031
1037
1043
1049
1055
1061
1067
1073
1079
1085
1091
1097
1103
1109
1115
1121
1127
1133
1139
24
29
34
38
43
48
53
58
63
68
71
76
80
82
86
88
92
96
100
104
108
114
118
122
126
130
134
138
142
146
150
154
160
164
168
173
178
183
188
193
199
204
210
215
220
227
233
241
247
253
261
267
273
278
284
290
297
303
309
315
320
326
331
337
344
350
356
361
369
373
376
383
389
395
399
405
412
418
426
432
438
443
449
455
462
468
474
482
486
491
497
503
509
515
522
528
534
541
547
554
560
566
572
577
583
589
595
599
606
612
617
623
627
650
657
663
669
675
681
685
691
699
706
712
718
724
728
734
740
745
751
755
761
765
771
778
784
790
796
802
806
812
819
825
832
836
842
849
854
860
866
872
878
884
888
897
902
908
914
920
926
933
939
945
951
957
963
969
975
982
988
994
1000
1006
1013
1019
1025
1031
1037
1043
1049
1055
1061
1067
1073
1079
1085
1091
1097
1103
1109
1115
1121
1127
1133
1139
1145
1151
24
29
34
38
43
48
53
58
63
68
71
76
80
82
86
88
92
96
100
104
108
114
118
122
126
130
134
138
142
146
150
154
160
164
168
173
178
183
188
193
199
204
210
215
220
227
233
241
247
253
261
267
273
278
284
290
297
303
309
315
320
326
331
337
344
350
356
361
369
373
376
383
389
395
399
405
412
418
426
432
438
443
449
455
462
468
474
482
486
491
497
503
509
515
522
528
534
541
547
554
560
566
572
577
583
589
595
599
606
612
617
623
627
650
657
663
669
675
681
685
691
699
706
712
718
724
728
734
740
745
751
755
761
765
771
778
784
790
796
802
806
812
819
825
832
836
842
849
854
860
866
872
878
884
888
897
902
908
914
920
926
933
939
945
951
957
963
969
975
982
988
994
1000
1006
1013
1019
1025
1031
1037
1043
1049
1055
1061
1067
1073
1079
1085
1091
1097
1103
1109
1115
1121
1127
1133
1139
1145
1151
1157
1161
18278
18234
18278
18234
18151
18106
18278
18234
18151
18106
18020
17976
18278
18234
18151
18106
18020
17976
17932
17875
18278
18234
18151
18106
18020
17976
17932
17875
17843
17774
18278
18234
18151
18106
18020
17976
17932
17875
17843
17774
17740
17681
18278
18234
18151
18106
18020
17976
17932
17875
17843
17774
17740
17681
17650
17617
18278
18234
18151
18106
18020
17976
17932
17875
17843
17774
17740
17681
17650
17617
17555
17523
18278
18234
18151
18106
18020
17976
17932
17875
17843
17774
17740
17681
17650
17617
17555
17523
17470
17437
18278
18234
18151
18106
18020
17976
17932
17875
17843
17774
17740
17681
17650
17617
17555
17523
17470
17437
17406
17373
18278
18234
18151
18106
18020
17976
17932
17875
17843
17774
17740
17681
17650
17617
17555
17523
17470
17437
17406
17373
17340
17283
18278
18234
18151
18106
18020
17976
17932
17875
17843
17774
17740
17681
17650
17617
17555
17523
17470
17437
17406
17373
17340
17283
17249
17193
18278
18234
18151
18106
18020
17976
17932
17875
17843
17774
17740
17681
17650
17617
17555
17523
17470
17437
17406
17373
17340
17283
17249
17193
17159
17106
18278
18234
18151
18106
18020
17976
17932
17875
17843
17774
17740
17681
17650
17617
17555
17523
17470
17437
17406
17373
17340
17283
17249
17193
17159
17106
17079
17046
18278
18234
18151
18106
18020
17976
17932
17875
17843
17774
17740
17681
17650
17617
17555
17523
17470
17437
17406
17373
17340
17283
17249
17193
17159
17106
17079
17046
16989
16956
