0
17566
17567
17568
17569
17566
17567
17568
17569
17570
17571
17572
17573
17566
17567
17568
17569
17570
17571
17572
17573
17574
17575
17576
17577
17566
17567
17568
17569
17570
17571
17572
17573
17574
17575
17576
17577
17578
17579
17580
17581
17566
17567
17568
17569
17570
17571
17572
17573
17574
17575
17576
17577
17578
17579
17580
17581
17582
17583
17584
17585
17566
17567
17568
17569
17570
17571
17572
17573
17574
17575
17576
17577
17578
17579
17580
17581
17582
17583
17584
17585
17722
17723
17724
17884
17566
17567
17568
17569
17570
17571
17572
17573
17574
17575
17576
17577
17578
17579
17580
17581
17582
17583
17584
17585
17722
17723
17724
17884
17885
17886
18031
18032
17566
17567
17568
17569
17570
17571
17572
17573
17574
17575
17576
17577
17578
17579
17580
17581
17582
17583
17584
17585
17722
17723
17724
17884
17885
17886
18031
18032
18033
18200
18201
18202
17566
17567
17568
17569
17570
17571
17572
17573
17574
17575
17576
17577
17578
17579
17580
17581
17582
17583
17584
17585
17722
17723
17724
17884
17885
17886
18031
18032
18033
18200
18201
18202
18349
18350
18351
18518
17566
17567
17568
17569
17570
17571
17572
17573
17574
17575
17576
17577
17578
17579
17580
17581
17582
17583
17584
17585
17722
17723
17724
17884
17885
17886
18031
18032
18033
18200
18201
18202
18349
18350
18351
18518
18519
18520
18665
18666
17566
17567
17568
17569
17570
17571
17572
17573
17574
17575
17576
17577
17578
17579
17580
17581
17582
17583
17584
17585
17722
17723
17724
17884
17885
17886
18031
18032
18033
18200
18201
18202
18349
18350
18351
18518
18519
18520
18665
18666
18667
18841
18842
18843
17566
17567
17568
17569
17570
17571
17572
17573
17574
17575
17576
17577
17578
17579
17580
17581
17582
17583
17584
17585
17722
17723
17724
17884
17885
17886
18031
18032
18033
18200
18201
18202
18349
18350
18351
18518
18519
18520
18665
18666
18667
18841
18842
18843
18936
18937
18938
18973
17566
17567
17568
17569
17570
17571
17572
17573
17574
17575
17576
17577
17578
17579
17580
17581
17582
17583
17584
17585
17722
17723
17724
17884
17885
17886
18031
18032
18033
18200
18201
18202
18349
18350
18351
18518
18519
18520
18665
18666
18667
18841
18842
18843
18936
18937
18938
18973
18974
18975
19055
19056
17566
17567
17568
17569
17570
17571
17572
17573
17574
17575
17576
17577
17578
17579
17580
17581
17582
17583
17584
17585
17722
17723
17724
17884
17885
17886
18031
18032
18033
18200
18201
18202
18349
18350
18351
18518
18519
18520
18665
18666
18667
18841
18842
18843
18936
18937
18938
18973
18974
18975
19055
19056
19057
19236
19237
19238
17566
17567
17568
17569
17570
17571
17572
17573
17574
17575
17576
17577
17578
17579
17580
17581
17582
17583
17584
17585
17722
17723
17724
17884
17885
17886
18031
18032
18033
18200
18201
18202
18349
18350
18351
18518
18519
18520
18665
18666
18667
18841
18842
18843
18936
18937
18938
18973
18974
18975
19055
19056
19057
19236
19237
19238
19472
19473
19474
19607
17566
17567
17568
17569
17570
17571
17572
17573
17574
17575
17576
17577
17578
17579
17580
17581
17582
17583
17584
17585
17722
17723
17724
17884
17885
17886
18031
18032
18033
18200
18201
18202
18349
18350
18351
18518
18519
18520
18665
18666
18667
18841
18842
18843
18936
18937
18938
18973
18974
18975
19055
19056
19057
19236
19237
19238
19472
19473
19474
19607
19608
19609
19788
19789
17566
17567
17568
17569
17570
17571
17572
17573
17574
17575
17576
17577
17578
17579
17580
17581
17582
17583
17584
17585
17722
17723
17724
17884
17885
17886
18031
18032
18033
18200
18201
18202
18349
18350
18351
18518
18519
18520
18665
18666
18667
18841
18842
18843
18936
18937
18938
18973
18974
18975
19055
19056
19057
19236
19237
19238
19472
19473
19474
19607
19608
19609
19788
19789
19790
19935
19936
19937
17566
17567
17568
17569
17570
17571
17572
17573
17574
17575
17576
17577
17578
17579
17580
17581
17582
17583
17584
17585
17722
17723
17724
17884
17885
17886
18031
18032
18033
18200
18201
18202
18349
18350
18351
18518
18519
18520
18665
18666
18667
18841
18842
18843
18936
18937
18938
18973
18974
18975
19055
19056
19057
19236
19237
19238
19472
19473
19474
19607
19608
19609
19788
19789
19790
19935
19936
19937
20104
20105
20106
20251
17566
17567
17568
17569
17570
17571
17572
17573
17574
17575
17576
17577
17578
17579
17580
17581
17582
17583
17584
17585
17722
17723
17724
17884
17885
17886
18031
18032
18033
18200
18201
18202
18349
18350
18351
18518
18519
18520
18665
18666
18667
18841
18842
18843
18936
18937
18938
18973
18974
18975
19055
19056
19057
19236
19237
19238
19472
19473
19474
19607
19608
19609
19788
19789
19790
19935
19936
19937
20104
20105
20106
20251
20252
20253
20420
20421
17566
17567
17568
17569
17570
17571
17572
17573
17574
17575
17576
17577
17578
17579
17580
17581
17582
17583
17584
17585
17722
17723
17724
17884
17885
17886
18031
18032
18033
18200
18201
18202
18349
18350
18351
18518
18519
18520
18665
18666
18667
18841
18842
18843
18936
18937
18938
18973
18974
18975
19055
19056
19057
19236
19237
19238
19472
19473
19474
19607
19608
19609
19788
19789
19790
19935
19936
19937
20104
20105
20106
20251
20252
20253
20420
20421
20422
20567
20568
20569
17566
17567
17568
17569
17570
17571
17572
17573
17574
17575
17576
17577
17578
17579
17580
17581
17582
17583
17584
17585
17722
17723
17724
17884
17885
17886
18031
18032
18033
18200
18201
18202
18349
18350
18351
18518
18519
18520
18665
18666
18667
18841
18842
18843
18936
18937
18938
18973
18974
18975
19055
19056
19057
19236
19237
19238
19472
19473
19474
19607
19608
19609
19788
19789
19790
19935
19936
19937
20104
20105
20106
20251
20252
20253
20420
20421
20422
20567
20568
20569
20737
20738
20739
20884
17566
17567
17568
17569
17570
17571
17572
17573
17574
17575
17576
17577
17578
17579
17580
17581
17582
17583
17584
17585
17722
17723
17724
17884
17885
17886
18031
18032
18033
18200
18201
18202
18349
18350
18351
18518
18519
18520
18665
18666
18667
18841
18842
18843
18936
18937
18938
18973
18974
18975
19055
19056
19057
19236
19237
19238
19472
19473
19474
19607
19608
19609
19788
19789
19790
19935
19936
19937
20104
20105
20106
20251
20252
20253
20420
20421
20422
20567
20568
20569
20737
20738
20739
20884
20885
20886
21054
21055
17566
17567
17568
17569
17570
17571
17572
17573
17574
17575
17576
17577
17578
17579
17580
17581
17582
17583
17584
17585
17722
17723
17724
17884
17885
17886
18031
18032
18033
18200
18201
18202
18349
18350
18351
18518
18519
18520
18665
18666
18667
18841
18842
18843
18936
18937
18938
18973
18974
18975
19055
19056
19057
19236
19237
19238
19472
19473
19474
19607
19608
19609
19788
19789
19790
19935
19936
19937
20104
20105
20106
20251
20252
20253
20420
20421
20422
20567
20568
20569
20737
20738
20739
20884
20885
20886
21054
21055
21056
21201
21202
21203
17566
17567
17568
17569
17570
17571
17572
17573
17574
17575
17576
17577
17578
17579
17580
17581
17582
17583
17584
17585
17722
17723
17724
17884
17885
17886
18031
18032
18033
18200
18201
18202
18349
18350
18351
18518
18519
18520
18665
18666
18667
18841
18842
18843
18936
18937
18938
18973
18974
18975
19055
19056
19057
19236
19237
19238
19472
19473
19474
19607
19608
19609
19788
19789
19790
19935
19936
19937
20104
20105
20106
20251
20252
20253
20420
20421
20422
20567
20568
20569
20737
20738
20739
20884
20885
20886
21054
21055
21056
21201
21202
21203
21371
21372
21373
21518
17566
17567
17568
17569
17570
17571
17572
17573
17574
17575
17576
17577
17578
17579
17580
17581
17582
17583
17584
17585
17722
17723
17724
17884
17885
17886
18031
18032
18033
18200
18201
18202
18349
18350
18351
18518
18519
18520
18665
18666
18667
18841
18842
18843
18936
18937
18938
18973
18974
18975
19055
19056
19057
19236
19237
19238
19472
19473
19474
19607
19608
19609
19788
19789
19790
19935
19936
19937
20104
20105
20106
20251
20252
20253
20420
20421
20422
20567
20568
20569
20737
20738
20739
20884
20885
20886
21054
21055
21056
21201
21202
21203
21371
21372
21373
21518
21519
21520
21688
21689
17566
17567
17568
17569
17570
17571
17572
17573
17574
17575
17576
17577
17578
17579
17580
17581
17582
17583
17584
17585
17722
17723
17724
17884
17885
17886
18031
18032
18033
18200
18201
18202
18349
18350
18351
18518
18519
18520
18665
18666
18667
18841
18842
18843
18936
18937
18938
18973
18974
18975
19055
19056
19057
19236
19237
19238
19472
19473
19474
19607
19608
19609
19788
19789
19790
19935
19936
19937
20104
20105
20106
20251
20252
20253
20420
20421
20422
20567
20568
20569
20737
20738
20739
20884
20885
20886
21054
21055
21056
21201
21202
21203
21371
21372
21373
21518
21519
21520
21688
21689
21690
21835
21836
21837
17566
17567
17568
17569
17570
17571
17572
17573
17574
17575
17576
17577
17578
17579
17580
17581
17582
17583
17584
17585
17722
17723
17724
17884
17885
17886
18031
18032
18033
18200
18201
18202
18349
18350
18351
18518
18519
18520
18665
18666
18667
18841
18842
18843
18936
18937
18938
18973
18974
18975
19055
19056
19057
19236
19237
19238
19472
19473
19474
19607
19608
19609
19788
19789
19790
19935
19936
19937
20104
20105
20106
20251
20252
20253
20420
20421
20422
20567
20568
20569
20737
20738
20739
20884
20885
20886
21054
21055
21056
21201
21202
21203
21371
21372
21373
21518
21519
21520
21688
21689
21690
21835
21836
21837
21962
21963
21965
21966
17566
17567
17568
17569
17570
17571
17572
17573
17574
17575
17576
17577
17578
17579
17580
17581
17582
17583
17584
17585
17722
17723
17724
17884
17885
17886
18031
18032
18033
18200
18201
18202
18349
18350
18351
18518
18519
18520
18665
18666
18667
18841
18842
18843
18936
18937
18938
18973
18974
18975
19055
19056
19057
19236
19237
19238
19472
19473
19474
19607
19608
19609
19788
19789
19790
19935
19936
19937
20104
20105
20106
20251
20252
20253
20420
20421
20422
20567
20568
20569
20737
20738
20739
20884
20885
20886
21054
21055
21056
21201
21202
21203
21371
21372
21373
21518
21519
21520
21688
21689
21690
21835
21836
21837
21962
21963
21965
21966
21967
21971
21974
21975
17566
17567
17568
17569
17570
17571
17572
17573
17574
17575
17576
17577
17578
17579
17580
17581
17582
17583
17584
17585
17722
17723
17724
17884
17885
17886
18031
18032
18033
18200
18201
18202
18349
18350
18351
18518
18519
18520
18665
18666
18667
18841
18842
18843
18936
18937
18938
18973
18974
18975
19055
19056
19057
19236
19237
19238
19472
19473
19474
19607
19608
19609
19788
19789
19790
19935
19936
19937
20104
20105
20106
20251
20252
20253
20420
20421
20422
20567
20568
20569
20737
20738
20739
20884
20885
20886
21054
21055
21056
21201
21202
21203
21371
21372
21373
21518
21519
21520
21688
21689
21690
21835
21836
21837
21962
21963
21965
21966
21967
21971
21974
21975
21976
21977
21979
21980
17566
17567
17568
17569
17570
17571
17572
17573
17574
17575
17576
17577
17578
17579
17580
17581
17582
17583
17584
17585
17722
17723
17724
17884
17885
17886
18031
18032
18033
18200
18201
18202
18349
18350
18351
18518
18519
18520
18665
18666
18667
18841
18842
18843
18936
18937
18938
18973
18974
18975
19055
19056
19057
19236
19237
19238
19472
19473
19474
19607
19608
19609
19788
19789
19790
19935
19936
19937
20104
20105
20106
20251
20252
20253
20420
20421
20422
20567
20568
20569
20737
20738
20739
20884
20885
20886
21054
21055
21056
21201
21202
21203
21371
21372
21373
21518
21519
21520
21688
21689
21690
21835
21836
21837
21962
21963
21965
21966
21967
21971
21974
21975
21976
21977
21979
21980
21981
21982
21984
21985
17566
17567
17568
17569
17570
17571
17572
17573
17574
17575
17576
17577
17578
17579
17580
17581
17582
17583
17584
17585
17722
17723
17724
17884
17885
17886
18031
18032
18033
18200
18201
18202
18349
18350
18351
18518
18519
18520
18665
18666
18667
18841
18842
18843
18936
18937
18938
18973
18974
18975
19055
19056
19057
19236
19237
19238
19472
19473
19474
19607
19608
19609
19788
19789
19790
19935
19936
19937
20104
20105
20106
20251
20252
20253
20420
20421
20422
20567
20568
20569
20737
20738
20739
20884
20885
20886
21054
21055
21056
21201
21202
21203
21371
21372
21373
21518
21519
21520
21688
21689
21690
21835
21836
21837
21962
21963
21965
21966
21967
21971
21974
21975
21976
21977
21979
21980
21981
21982
21984
21985
21986
21987
21989
21990
17566
17567
17568
17569
17570
17571
17572
17573
17574
17575
17576
17577
17578
17579
17580
17581
17582
17583
17584
17585
17722
17723
17724
17884
17885
17886
18031
18032
18033
18200
18201
18202
18349
18350
18351
18518
18519
18520
18665
18666
18667
18841
18842
18843
18936
18937
18938
18973
18974
18975
19055
19056
19057
19236
19237
19238
19472
19473
19474
19607
19608
19609
19788
19789
19790
19935
19936
19937
20104
20105
20106
20251
20252
20253
20420
20421
20422
20567
20568
20569
20737
20738
20739
20884
20885
20886
21054
21055
21056
21201
21202
21203
21371
21372
21373
21518
21519
21520
21688
21689
21690
21835
21836
21837
21962
21963
21965
21966
21967
21971
21974
21975
21976
21977
21979
21980
21981
21982
21984
21985
21986
21987
21989
21990
21991
21992
21994
21995
17566
17567
17568
17569
17570
17571
17572
17573
17574
17575
17576
17577
17578
17579
17580
17581
17582
17583
17584
17585
17722
17723
17724
17884
17885
17886
18031
18032
18033
18200
18201
18202
18349
18350
18351
18518
18519
18520
18665
18666
18667
18841
18842
18843
18936
18937
18938
18973
18974
18975
19055
19056
19057
19236
19237
19238
19472
19473
19474
19607
19608
19609
19788
19789
19790
19935
19936
19937
20104
20105
20106
20251
20252
20253
20420
20421
20422
20567
20568
20569
20737
20738
20739
20884
20885
20886
21054
21055
21056
21201
21202
21203
21371
21372
21373
21518
21519
21520
21688
21689
21690
21835
21836
21837
21962
21963
21965
21966
21967
21971
21974
21975
21976
21977
21979
21980
21981
21982
21984
21985
21986
21987
21989
21990
21991
21992
21994
21995
21996
21997
22000
22001
17566
17567
17568
17569
17570
17571
17572
17573
17574
17575
17576
17577
17578
17579
17580
17581
17582
17583
17584
17585
17722
17723
17724
17884
17885
17886
18031
18032
18033
18200
18201
18202
18349
18350
18351
18518
18519
18520
18665
18666
18667
18841
18842
18843
18936
18937
18938
18973
18974
18975
19055
19056
19057
19236
19237
19238
19472
19473
19474
19607
19608
19609
19788
19789
19790
19935
19936
19937
20104
20105
20106
20251
20252
20253
20420
20421
20422
20567
20568
20569
20737
20738
20739
20884
20885
20886
21054
21055
21056
21201
21202
21203
21371
21372
21373
21518
21519
21520
21688
21689
21690
21835
21836
21837
21962
21963
21965
21966
21967
21971
21974
21975
21976
21977
21979
21980
21981
21982
21984
21985
21986
21987
21989
21990
21991
21992
21994
21995
21996
21997
22000
22001
22005
22006
22007
22016
17566
17567
17568
17569
17570
17571
17572
17573
17574
17575
17576
17577
17578
17579
17580
17581
17582
17583
17584
17585
17722
17723
17724
17884
17885
17886
18031
18032
18033
18200
18201
18202
18349
18350
18351
18518
18519
18520
18665
18666
18667
18841
18842
18843
18936
18937
18938
18973
18974
18975
19055
19056
19057
19236
19237
19238
19472
19473
19474
19607
19608
19609
19788
19789
19790
19935
19936
19937
20104
20105
20106
20251
20252
20253
20420
20421
20422
20567
20568
20569
20737
20738
20739
20884
20885
20886
21054
21055
21056
21201
21202
21203
21371
21372
21373
21518
21519
21520
21688
21689
21690
21835
21836
21837
21962
21963
21965
21966
21967
21971
21974
21975
21976
21977
21979
21980
21981
21982
21984
21985
21986
21987
21989
21990
21991
21992
21994
21995
21996
21997
22000
22001
22005
22006
22007
22016
22017
22018
22020
22021
17566
17567
17568
17569
17570
17571
17572
17573
17574
17575
17576
17577
17578
17579
17580
17581
17582
17583
17584
17585
17722
17723
17724
17884
17885
17886
18031
18032
18033
18200
18201
18202
18349
18350
18351
18518
18519
18520
18665
18666
18667
18841
18842
18843
18936
18937
18938
18973
18974
18975
19055
19056
19057
19236
19237
19238
19472
19473
19474
19607
19608
19609
19788
19789
19790
19935
19936
19937
20104
20105
20106
20251
20252
20253
20420
20421
20422
20567
20568
20569
20737
20738
20739
20884
20885
20886
21054
21055
21056
21201
21202
21203
21371
21372
21373
21518
21519
21520
21688
21689
21690
21835
21836
21837
21962
21963
21965
21966
21967
21971
21974
21975
21976
21977
21979
21980
21981
21982
21984
21985
21986
21987
21989
21990
21991
21992
21994
21995
21996
21997
22000
22001
22005
22006
22007
22016
22017
22018
22020
22021
22022
22023
22024
22025
17566
17567
17568
17569
17570
17571
17572
17573
17574
17575
17576
17577
17578
17579
17580
17581
17582
17583
17584
17585
17722
17723
17724
17884
17885
17886
18031
18032
18033
18200
18201
18202
18349
18350
18351
18518
18519
18520
18665
18666
18667
18841
18842
18843
18936
18937
18938
18973
18974
18975
19055
19056
19057
19236
19237
19238
19472
19473
19474
19607
19608
19609
19788
19789
19790
19935
19936
19937
20104
20105
20106
20251
20252
20253
20420
20421
20422
20567
20568
20569
20737
20738
20739
20884
20885
20886
21054
21055
21056
21201
21202
21203
21371
21372
21373
21518
21519
21520
21688
21689
21690
21835
21836
21837
21962
21963
21965
21966
21967
21971
21974
21975
21976
21977
21979
21980
21981
21982
21984
21985
21986
21987
21989
21990
21991
21992
21994
21995
21996
21997
22000
22001
22005
22006
22007
22016
22017
22018
22020
22021
22022
22023
22024
22025
22030
22032
22033
22034
17566
17567
17568
17569
17570
17571
17572
17573
17574
17575
17576
17577
17578
17579
17580
17581
17582
17583
17584
17585
17722
17723
17724
17884
17885
17886
18031
18032
18033
18200
18201
18202
18349
18350
18351
18518
18519
18520
18665
18666
18667
18841
18842
18843
18936
18937
18938
18973
18974
18975
19055
19056
19057
19236
19237
19238
19472
19473
19474
19607
19608
19609
19788
19789
19790
19935
19936
19937
20104
20105
20106
20251
20252
20253
20420
20421
20422
20567
20568
20569
20737
20738
20739
20884
20885
20886
21054
21055
21056
21201
21202
21203
21371
21372
21373
21518
21519
21520
21688
21689
21690
21835
21836
21837
21962
21963
21965
21966
21967
21971
21974
21975
21976
21977
21979
21980
21981
21982
21984
21985
21986
21987
21989
21990
21991
21992
21994
21995
21996
21997
22000
22001
22005
22006
22007
22016
22017
22018
22020
22021
22022
22023
22024
22025
22030
22032
22033
22034
22037
22039
22040
22041
17566
17567
17568
17569
17570
17571
17572
17573
17574
17575
17576
17577
17578
17579
17580
17581
17582
17583
17584
17585
17722
17723
17724
17884
17885
17886
18031
18032
18033
18200
18201
18202
18349
18350
18351
18518
18519
18520
18665
18666
18667
18841
18842
18843
18936
18937
18938
18973
18974
18975
19055
19056
19057
19236
19237
19238
19472
19473
19474
19607
19608
19609
19788
19789
19790
19935
19936
19937
20104
20105
20106
20251
20252
20253
20420
20421
20422
20567
20568
20569
20737
20738
20739
20884
20885
20886
21054
21055
21056
21201
21202
21203
21371
21372
21373
21518
21519
21520
21688
21689
21690
21835
21836
21837
21962
21963
21965
21966
21967
21971
21974
21975
21976
21977
21979
21980
21981
21982
21984
21985
21986
21987
21989
21990
21991
21992
21994
21995
21996
21997
22000
22001
22005
22006
22007
22016
22017
22018
22020
22021
22022
22023
22024
22025
22030
22032
22033
22034
22037
22039
22040
22041
22042
22043
22044
22050
17566
17567
17568
17569
17570
17571
17572
17573
17574
17575
17576
17577
17578
17579
17580
17581
17582
17583
17584
17585
17722
17723
17724
17884
17885
17886
18031
18032
18033
18200
18201
18202
18349
18350
18351
18518
18519
18520
18665
18666
18667
18841
18842
18843
18936
18937
18938
18973
18974
18975
19055
19056
19057
19236
19237
19238
19472
19473
19474
19607
19608
19609
19788
19789
19790
19935
19936
19937
20104
20105
20106
20251
20252
20253
20420
20421
20422
20567
20568
20569
20737
20738
20739
20884
20885
20886
21054
21055
21056
21201
21202
21203
21371
21372
21373
21518
21519
21520
21688
21689
21690
21835
21836
21837
21962
21963
21965
21966
21967
21971
21974
21975
21976
21977
21979
21980
21981
21982
21984
21985
21986
21987
21989
21990
21991
21992
21994
21995
21996
21997
22000
22001
22005
22006
22007
22016
22017
22018
22020
22021
22022
22023
22024
22025
22030
22032
22033
22034
22037
22039
22040
22041
22042
22043
22044
22050
22152
22153
22154
22322
17566
17567
17568
17569
17570
17571
17572
17573
17574
17575
17576
17577
17578
17579
17580
17581
17582
17583
17584
17585
17722
17723
17724
17884
17885
17886
18031
18032
18033
18200
18201
18202
18349
18350
18351
18518
18519
18520
18665
18666
18667
18841
18842
18843
18936
18937
18938
18973
18974
18975
19055
19056
19057
19236
19237
19238
19472
19473
19474
19607
19608
19609
19788
19789
19790
19935
19936
19937
20104
20105
20106
20251
20252
20253
20420
20421
20422
20567
20568
20569
20737
20738
20739
20884
20885
20886
21054
21055
21056
21201
21202
21203
21371
21372
21373
21518
21519
21520
21688
21689
21690
21835
21836
21837
21962
21963
21965
21966
21967
21971
21974
21975
21976
21977
21979
21980
21981
21982
21984
21985
21986
21987
21989
21990
21991
21992
21994
21995
21996
21997
22000
22001
22005
22006
22007
22016
22017
22018
22020
22021
22022
22023
22024
22025
22030
22032
22033
22034
22037
22039
22040
22041
22042
22043
22044
22050
22152
22153
22154
22322
22323
22324
22468
22469
17566
17567
17568
17569
17570
17571
17572
17573
17574
17575
17576
17577
17578
17579
17580
17581
17582
17583
17584
17585
17722
17723
17724
17884
17885
17886
18031
18032
18033
18200
18201
18202
18349
18350
18351
18518
18519
18520
18665
18666
18667
18841
18842
18843
18936
18937
18938
18973
18974
18975
19055
19056
19057
19236
19237
19238
19472
19473
19474
19607
19608
19609
19788
19789
19790
19935
19936
19937
20104
20105
20106
20251
20252
20253
20420
20421
20422
20567
20568
20569
20737
20738
20739
20884
20885
20886
21054
21055
21056
21201
21202
21203
21371
21372
21373
21518
21519
21520
21688
21689
21690
21835
21836
21837
21962
21963
21965
21966
21967
21971
21974
21975
21976
21977
21979
21980
21981
21982
21984
21985
21986
21987
21989
21990
21991
21992
21994
21995
21996
21997
22000
22001
22005
22006
22007
22016
22017
22018
22020
22021
22022
22023
22024
22025
22030
22032
22033
22034
22037
22039
22040
22041
22042
22043
22044
22050
22152
22153
22154
22322
22323
22324
22468
22469
22470
22638
22639
22640
17566
17567
17568
17569
17570
17571
17572
17573
17574
17575
17576
17577
17578
17579
17580
17581
17582
17583
17584
17585
17722
17723
17724
17884
17885
17886
18031
18032
18033
18200
18201
18202
18349
18350
18351
18518
18519
18520
18665
18666
18667
18841
18842
18843
18936
18937
18938
18973
18974
18975
19055
19056
19057
19236
19237
19238
19472
19473
19474
19607
19608
19609
19788
19789
19790
19935
19936
19937
20104
20105
20106
20251
20252
20253
20420
20421
20422
20567
20568
20569
20737
20738
20739
20884
20885
20886
21054
21055
21056
21201
21202
21203
21371
21372
21373
21518
21519
21520
21688
21689
21690
21835
21836
21837
21962
21963
21965
21966
21967
21971
21974
21975
21976
21977
21979
21980
21981
21982
21984
21985
21986
21987
21989
21990
21991
21992
21994
21995
21996
21997
22000
22001
22005
22006
22007
22016
22017
22018
22020
22021
22022
22023
22024
22025
22030
22032
22033
22034
22037
22039
22040
22041
22042
22043
22044
22050
22152
22153
22154
22322
22323
22324
22468
22469
22470
22638
22639
22640
22785
22786
22787
22955
17566
17567
17568
17569
17570
17571
17572
17573
17574
17575
17576
17577
17578
17579
17580
17581
17582
17583
17584
17585
17722
17723
17724
17884
17885
17886
18031
18032
18033
18200
18201
18202
18349
18350
18351
18518
18519
18520
18665
18666
18667
18841
18842
18843
18936
18937
18938
18973
18974
18975
19055
19056
19057
19236
19237
19238
19472
19473
19474
19607
19608
19609
19788
19789
19790
19935
19936
19937
20104
20105
20106
20251
20252
20253
20420
20421
20422
20567
20568
20569
20737
20738
20739
20884
20885
20886
21054
21055
21056
21201
21202
21203
21371
21372
21373
21518
21519
21520
21688
21689
21690
21835
21836
21837
21962
21963
21965
21966
21967
21971
21974
21975
21976
21977
21979
21980
21981
21982
21984
21985
21986
21987
21989
21990
21991
21992
21994
21995
21996
21997
22000
22001
22005
22006
22007
22016
22017
22018
22020
22021
22022
22023
22024
22025
22030
22032
22033
22034
22037
22039
22040
22041
22042
22043
22044
22050
22152
22153
22154
22322
22323
22324
22468
22469
22470
22638
22639
22640
22785
22786
22787
22955
22956
22957
23102
23103
17566
17567
17568
17569
17570
17571
17572
17573
17574
17575
17576
17577
17578
17579
17580
17581
17582
17583
17584
17585
17722
17723
17724
17884
17885
17886
18031
18032
18033
18200
18201
18202
18349
18350
18351
18518
18519
18520
18665
18666
18667
18841
18842
18843
18936
18937
18938
18973
18974
18975
19055
19056
19057
19236
19237
19238
19472
19473
19474
19607
19608
19609
19788
19789
19790
19935
19936
19937
20104
20105
20106
20251
20252
20253
20420
20421
20422
20567
20568
20569
20737
20738
20739
20884
20885
20886
21054
21055
21056
21201
21202
21203
21371
21372
21373
21518
21519
21520
21688
21689
21690
21835
21836
21837
21962
21963
21965
21966
21967
21971
21974
21975
21976
21977
21979
21980
21981
21982
21984
21985
21986
21987
21989
21990
21991
21992
21994
21995
21996
21997
22000
22001
22005
22006
22007
22016
22017
22018
22020
22021
22022
22023
22024
22025
22030
22032
22033
22034
22037
22039
22040
22041
22042
22043
22044
22050
22152
22153
22154
22322
22323
22324
22468
22469
22470
22638
22639
22640
22785
22786
22787
22955
22956
22957
23102
23103
23104
23272
23273
23274
17566
17567
17568
17569
17570
17571
17572
17573
17574
17575
17576
17577
17578
17579
17580
17581
17582
17583
17584
17585
17722
17723
17724
17884
17885
17886
18031
18032
18033
18200
18201
18202
18349
18350
18351
18518
18519
18520
18665
18666
18667
18841
18842
18843
18936
18937
18938
18973
18974
18975
19055
19056
19057
19236
19237
19238
19472
19473
19474
19607
19608
19609
19788
19789
19790
19935
19936
19937
20104
20105
20106
20251
20252
20253
20420
20421
20422
20567
20568
20569
20737
20738
20739
20884
20885
20886
21054
21055
21056
21201
21202
21203
21371
21372
21373
21518
21519
21520
21688
21689
21690
21835
21836
21837
21962
21963
21965
21966
21967
21971
21974
21975
21976
21977
21979
21980
21981
21982
21984
21985
21986
21987
21989
21990
21991
21992
21994
21995
21996
21997
22000
22001
22005
22006
22007
22016
22017
22018
22020
22021
22022
22023
22024
22025
22030
22032
22033
22034
22037
22039
22040
22041
22042
22043
22044
22050
22152
22153
22154
22322
22323
22324
22468
22469
22470
22638
22639
22640
22785
22786
22787
22955
22956
22957
23102
23103
23104
23272
23273
23274
23419
23420
23421
23589
17566
17567
17568
17569
17570
17571
17572
17573
17574
17575
17576
17577
17578
17579
17580
17581
17582
17583
17584
17585
17722
17723
17724
17884
17885
17886
18031
18032
18033
18200
18201
18202
18349
18350
18351
18518
18519
18520
18665
18666
18667
18841
18842
18843
18936
18937
18938
18973
18974
18975
19055
19056
19057
19236
19237
19238
19472
19473
19474
19607
19608
19609
19788
19789
19790
19935
19936
19937
20104
20105
20106
20251
20252
20253
20420
20421
20422
20567
20568
20569
20737
20738
20739
20884
20885
20886
21054
21055
21056
21201
21202
21203
21371
21372
21373
21518
21519
21520
21688
21689
21690
21835
21836
21837
21962
21963
21965
21966
21967
21971
21974
21975
21976
21977
21979
21980
21981
21982
21984
21985
21986
21987
21989
21990
21991
21992
21994
21995
21996
21997
22000
22001
22005
22006
22007
22016
22017
22018
22020
22021
22022
22023
22024
22025
22030
22032
22033
22034
22037
22039
22040
22041
22042
22043
22044
22050
22152
22153
22154
22322
22323
22324
22468
22469
22470
22638
22639
22640
22785
22786
22787
22955
22956
22957
23102
23103
23104
23272
23273
23274
23419
23420
23421
23589
23590
23591
23737
23738
17566
17567
17568
17569
17570
17571
17572
17573
17574
17575
17576
17577
17578
17579
17580
17581
17582
17583
17584
17585
17722
17723
17724
17884
17885
17886
18031
18032
18033
18200
18201
18202
18349
18350
18351
18518
18519
18520
18665
18666
18667
18841
18842
18843
18936
18937
18938
18973
18974
18975
19055
19056
19057
19236
19237
19238
19472
19473
19474
19607
19608
19609
19788
19789
19790
19935
19936
19937
20104
20105
20106
20251
20252
20253
20420
20421
20422
20567
20568
20569
20737
20738
20739
20884
20885
20886
21054
21055
21056
21201
21202
21203
21371
21372
21373
21518
21519
21520
21688
21689
21690
21835
21836
21837
21962
21963
21965
21966
21967
21971
21974
21975
21976
21977
21979
21980
21981
21982
21984
21985
21986
21987
21989
21990
21991
21992
21994
21995
21996
21997
22000
22001
22005
22006
22007
22016
22017
22018
22020
22021
22022
22023
22024
22025
22030
22032
22033
22034
22037
22039
22040
22041
22042
22043
22044
22050
22152
22153
22154
22322
22323
22324
22468
22469
22470
22638
22639
22640
22785
22786
22787
22955
22956
22957
23102
23103
23104
23272
23273
23274
23419
23420
23421
23589
23590
23591
23737
23738
23739
23908
23909
23910
17566
17567
17568
17569
17570
17571
17572
17573
17574
17575
17576
17577
17578
17579
17580
17581
17582
17583
17584
17585
17722
17723
17724
17884
17885
17886
18031
18032
18033
18200
18201
18202
18349
18350
18351
18518
18519
18520
18665
18666
18667
18841
18842
18843
18936
18937
18938
18973
18974
18975
19055
19056
19057
19236
19237
19238
19472
19473
19474
19607
19608
19609
19788
19789
19790
19935
19936
19937
20104
20105
20106
20251
20252
20253
20420
20421
20422
20567
20568
20569
20737
20738
20739
20884
20885
20886
21054
21055
21056
21201
21202
21203
21371
21372
21373
21518
21519
21520
21688
21689
21690
21835
21836
21837
21962
21963
21965
21966
21967
21971
21974
21975
21976
21977
21979
21980
21981
21982
21984
21985
21986
21987
21989
21990
21991
21992
21994
21995
21996
21997
22000
22001
22005
22006
22007
22016
22017
22018
22020
22021
22022
22023
22024
22025
22030
22032
22033
22034
22037
22039
22040
22041
22042
22043
22044
22050
22152
22153
22154
22322
22323
22324
22468
22469
22470
22638
22639
22640
22785
22786
22787
22955
22956
22957
23102
23103
23104
23272
23273
23274
23419
23420
23421
23589
23590
23591
23737
23738
23739
23908
23909
23910
24056
24057
24058
24059
17566
17567
17568
17569
17570
17571
17572
17573
17574
17575
17576
17577
17578
17579
17580
17581
17582
17583
17584
17585
17722
17723
17724
17884
17885
17886
18031
18032
18033
18200
18201
18202
18349
18350
18351
18518
18519
18520
18665
18666
18667
18841
18842
18843
18936
18937
18938
18973
18974
18975
19055
19056
19057
19236
19237
19238
19472
19473
19474
19607
19608
19609
19788
19789
19790
19935
19936
19937
20104
20105
20106
20251
20252
20253
20420
20421
20422
20567
20568
20569
20737
20738
20739
20884
20885
20886
21054
21055
21056
21201
21202
21203
21371
21372
21373
21518
21519
21520
21688
21689
21690
21835
21836
21837
21962
21963
21965
21966
21967
21971
21974
21975
21976
21977
21979
21980
21981
21982
21984
21985
21986
21987
21989
21990
21991
21992
21994
21995
21996
21997
22000
22001
22005
22006
22007
22016
22017
22018
22020
22021
22022
22023
22024
22025
22030
22032
22033
22034
22037
22039
22040
22041
22042
22043
22044
22050
22152
22153
22154
22322
22323
22324
22468
22469
22470
22638
22639
22640
22785
22786
22787
22955
22956
22957
23102
23103
23104
23272
23273
23274
23419
23420
23421
23589
23590
23591
23737
23738
23739
23908
23909
23910
24056
24057
24058
24059
24226
24227
24228
24230
17566
17567
17568
17569
17570
17571
17572
17573
17574
17575
17576
17577
17578
17579
17580
17581
17582
17583
17584
17585
17722
17723
17724
17884
17885
17886
18031
18032
18033
18200
18201
18202
18349
18350
18351
18518
18519
18520
18665
18666
18667
18841
18842
18843
18936
18937
18938
18973
18974
18975
19055
19056
19057
19236
19237
19238
19472
19473
19474
19607
19608
19609
19788
19789
19790
19935
19936
19937
20104
20105
20106
20251
20252
20253
20420
20421
20422
20567
20568
20569
20737
20738
20739
20884
20885
20886
21054
21055
21056
21201
21202
21203
21371
21372
21373
21518
21519
21520
21688
21689
21690
21835
21836
21837
21962
21963
21965
21966
21967
21971
21974
21975
21976
21977
21979
21980
21981
21982
21984
21985
21986
21987
21989
21990
21991
21992
21994
21995
21996
21997
22000
22001
22005
22006
22007
22016
22017
22018
22020
22021
22022
22023
22024
22025
22030
22032
22033
22034
22037
22039
22040
22041
22042
22043
22044
22050
22152
22153
22154
22322
22323
22324
22468
22469
22470
22638
22639
22640
22785
22786
22787
22955
22956
22957
23102
23103
23104
23272
23273
23274
23419
23420
23421
23589
23590
23591
23737
23738
23739
23908
23909
23910
24056
24057
24058
24059
24226
24227
24228
24230
24236
24373
24374
24375
17566
17567
17568
17569
17570
17571
17572
17573
17574
17575
17576
17577
17578
17579
17580
17581
17582
17583
17584
17585
17722
17723
17724
17884
17885
17886
18031
18032
18033
18200
18201
18202
18349
18350
18351
18518
18519
18520
18665
18666
18667
18841
18842
18843
18936
18937
18938
18973
18974
18975
19055
19056
19057
19236
19237
19238
19472
19473
19474
19607
19608
19609
19788
19789
19790
19935
19936
19937
20104
20105
20106
20251
20252
20253
20420
20421
20422
20567
20568
20569
20737
20738
20739
20884
20885
20886
21054
21055
21056
21201
21202
21203
21371
21372
21373
21518
21519
21520
21688
21689
21690
21835
21836
21837
21962
21963
21965
21966
21967
21971
21974
21975
21976
21977
21979
21980
21981
21982
21984
21985
21986
21987
21989
21990
21991
21992
21994
21995
21996
21997
22000
22001
22005
22006
22007
22016
22017
22018
22020
22021
22022
22023
22024
22025
22030
22032
22033
22034
22037
22039
22040
22041
22042
22043
22044
22050
22152
22153
22154
22322
22323
22324
22468
22469
22470
22638
22639
22640
22785
22786
22787
22955
22956
22957
23102
23103
23104
23272
23273
23274
23419
23420
23421
23589
23590
23591
23737
23738
23739
23908
23909
23910
24056
24057
24058
24059
24226
24227
24228
24230
24236
24373
24374
24375
24381
24526
24531
24542
17566
17567
17568
17569
17570
17571
17572
17573
17574
17575
17576
17577
17578
17579
17580
17581
17582
17583
17584
17585
17722
17723
17724
17884
17885
17886
18031
18032
18033
18200
18201
18202
18349
18350
18351
18518
18519
18520
18665
18666
18667
18841
18842
18843
18936
18937
18938
18973
18974
18975
19055
19056
19057
19236
19237
19238
19472
19473
19474
19607
19608
19609
19788
19789
19790
19935
19936
19937
20104
20105
20106
20251
20252
20253
20420
20421
20422
20567
20568
20569
20737
20738
20739
20884
20885
20886
21054
21055
21056
21201
21202
21203
21371
21372
21373
21518
21519
21520
21688
21689
21690
21835
21836
21837
21962
21963
21965
21966
21967
21971
21974
21975
21976
21977
21979
21980
21981
21982
21984
21985
21986
21987
21989
21990
21991
21992
21994
21995
21996
21997
22000
22001
22005
22006
22007
22016
22017
22018
22020
22021
22022
22023
22024
22025
22030
22032
22033
22034
22037
22039
22040
22041
22042
22043
22044
22050
22152
22153
22154
22322
22323
22324
22468
22469
22470
22638
22639
22640
22785
22786
22787
22955
22956
22957
23102
23103
23104
23272
23273
23274
23419
23420
23421
23589
23590
23591
23737
23738
23739
23908
23909
23910
24056
24057
24058
24059
24226
24227
24228
24230
24236
24373
24374
24375
24381
24526
24531
24542
24543
24544
24545
24551
26446
26445
26444
26443
26446
26445
26444
26443
26442
26441
26438
26437
26446
26445
26444
26443
26442
26441
26438
26437
26436
26430
26424
26419
26446
26445
26444
26443
26442
26441
26438
26437
26436
26430
26424
26419
26275
26274
26273
26271
26446
26445
26444
26443
26442
26441
26438
26437
26436
26430
26424
26419
26275
26274
26273
26271
26270
26268
26267
26266
26446
26445
26444
26443
26442
26441
26438
26437
26436
26430
26424
26419
26275
26274
26273
26271
26270
26268
26267
26266
26129
26128
26127
26124
26446
26445
26444
26443
26442
26441
26438
26437
26436
26430
26424
26419
26275
26274
26273
26271
26270
26268
26267
26266
26129
26128
26127
26124
26123
26121
26120
26119
26446
26445
26444
26443
26442
26441
26438
26437
26436
26430
26424
26419
26275
26274
26273
26271
26270
26268
26267
26266
26129
26128
26127
26124
26123
26121
26120
26119
25958
25957
25951
25950
26446
26445
26444
26443
26442
26441
26438
26437
26436
26430
26424
26419
26275
26274
26273
26271
26270
26268
26267
26266
26129
26128
26127
26124
26123
26121
26120
26119
25958
25957
25951
25950
25949
25804
25803
25802
26446
26445
26444
26443
26442
26441
26438
26437
26436
26430
26424
26419
26275
26274
26273
26271
26270
26268
26267
26266
26129
26128
26127
26124
26123
26121
26120
26119
25958
25957
25951
25950
25949
25804
25803
25802
25634
25633
25632
25491
26446
26445
26444
26443
26442
26441
26438
26437
26436
26430
26424
26419
26275
26274
26273
26271
26270
26268
26267
26266
26129
26128
26127
26124
26123
26121
26120
26119
25958
25957
25951
25950
25949
25804
25803
25802
25634
25633
25632
25491
25490
25489
25323
25322
26446
26445
26444
26443
26442
26441
26438
26437
26436
26430
26424
26419
26275
26274
26273
26271
26270
26268
26267
26266
26129
26128
26127
26124
26123
26121
26120
26119
25958
25957
25951
25950
25949
25804
25803
25802
25634
25633
25632
25491
25490
25489
25323
25322
25321
25176
25175
25174
26446
26445
26444
26443
26442
26441
26438
26437
26436
26430
26424
26419
26275
26274
26273
26271
26270
26268
26267
26266
26129
26128
26127
26124
26123
26121
26120
26119
25958
25957
25951
25950
25949
25804
25803
25802
25634
25633
25632
25491
25490
25489
25323
25322
25321
25176
25175
25174
25007
25006
25005
24860
26446
26445
26444
26443
26442
26441
26438
26437
26436
26430
26424
26419
26275
26274
26273
26271
26270
26268
26267
26266
26129
26128
26127
26124
26123
26121
26120
26119
25958
25957
25951
25950
25949
25804
25803
25802
25634
25633
25632
25491
25490
25489
25323
25322
25321
25176
25175
25174
25007
25006
25005
24860
24859
