0
4
5
4
5
6
7
4
5
6
7
8
9
4
5
6
7
8
9
10
11
4
5
6
7
8
9
10
11
12
13
4
5
6
7
8
9
10
11
12
13
14
15
4
5
6
7
8
9
10
11
12
13
14
15
16
17
4
5
6
7
8
9
10
11
12
13
14
15
16
17
18
19
4
5
6
7
8
9
10
11
12
13
14
15
16
17
18
19
20
21
4
5
6
7
8
9
10
11
12
13
14
15
16
17
18
19
20
21
22
23
4
5
6
7
8
9
10
11
12
13
14
15
16
17
18
19
20
21
22
23
27
28
4
5
6
7
8
9
10
11
12
13
14
15
16
17
18
19
20
21
22
23
27
28
29
39
4
5
6
7
8
9
10
11
12
13
14
15
16
17
18
19
20
21
22
23
27
28
29
39
40
41
4
5
6
7
8
9
10
11
12
13
14
15
16
17
18
19
20
21
22
23
27
28
29
39
40
41
63
64
4
5
6
7
8
9
10
11
12
13
14
15
16
17
18
19
20
21
22
23
27
28
29
39
40
41
63
64
65
100
4
5
6
7
8
9
10
11
12
13
14
15
16
17
18
19
20
21
22
23
27
28
29
39
40
41
63
64
65
100
101
102
4
5
6
7
8
9
10
11
12
13
14
15
16
17
18
19
20
21
22
23
27
28
29
39
40
41
63
64
65
100
101
102
158
159
4
5
6
7
8
9
10
11
12
13
14
15
16
17
18
19
20
21
22
23
27
28
29
39
40
41
63
64
65
100
101
102
158
159
160
217
4
5
6
7
8
9
10
11
12
13
14
15
16
17
18
19
20
21
22
23
27
28
29
39
40
41
63
64
65
100
101
102
158
159
160
217
218
219
4
5
6
7
8
9
10
11
12
13
14
15
16
17
18
19
20
21
22
23
27
28
29
39
40
41
63
64
65
100
101
102
158
159
160
217
218
219
259
260
4
5
6
7
8
9
10
11
12
13
14
15
16
17
18
19
20
21
22
23
27
28
29
39
40
41
63
64
65
100
101
102
158
159
160
217
218
219
259
260
261
286
4
5
6
7
8
9
10
11
12
13
14
15
16
17
18
19
20
21
22
23
27
28
29
39
40
41
63
64
65
100
101
102
158
159
160
217
218
219
259
260
261
286
287
288
4
5
6
7
8
9
10
11
12
13
14
15
16
17
18
19
20
21
22
23
27
28
29
39
40
41
63
64
65
100
101
102
158
159
160
217
218
219
259
260
261
286
287
288
365
366
4
5
6
7
8
9
10
11
12
13
14
15
16
17
18
19
20
21
22
23
27
28
29
39
40
41
63
64
65
100
101
102
158
159
160
217
218
219
259
260
261
286
287
288
365
366
367
413
4
5
6
7
8
9
10
11
12
13
14
15
16
17
18
19
20
21
22
23
27
28
29
39
40
41
63
64
65
100
101
102
158
159
160
217
218
219
259
260
261
286
287
288
365
366
367
413
414
415
4
5
6
7
8
9
10
11
12
13
14
15
16
17
18
19
20
21
22
23
27
28
29
39
40
41
63
64
65
100
101
102
158
159
160
217
218
219
259
260
261
286
287
288
365
366
367
413
414
415
446
447
4
5
6
7
8
9
10
11
12
13
14
15
16
17
18
19
20
21
22
23
27
28
29
39
40
41
63
64
65
100
101
102
158
159
160
217
218
219
259
260
261
286
287
288
365
366
367
413
414
415
446
447
448
486
4
5
6
7
8
9
10
11
12
13
14
15
16
17
18
19
20
21
22
23
27
28
29
39
40
41
63
64
65
100
101
102
158
159
160
217
218
219
259
260
261
286
287
288
365
366
367
413
414
415
446
447
448
486
487
488
4
5
6
7
8
9
10
11
12
13
14
15
16
17
18
19
20
21
22
23
27
28
29
39
40
41
63
64
65
100
101
102
158
159
160
217
218
219
259
260
261
286
287
288
365
366
367
413
414
415
446
447
448
486
487
488
606
607
4
5
6
7
8
9
10
11
12
13
14
15
16
17
18
19
20
21
22
23
27
28
29
39
40
41
63
64
65
100
101
102
158
159
160
217
218
219
259
260
261
286
287
288
365
366
367
413
414
415
446
447
448
486
487
488
606
607
608
680
4
5
6
7
8
9
10
11
12
13
14
15
16
17
18
19
20
21
22
23
27
28
29
39
40
41
63
64
65
100
101
102
158
159
160
217
218
219
259
260
261
286
287
288
365
366
367
413
414
415
446
447
448
486
487
488
606
607
608
680
681
682
4
5
6
7
8
9
10
11
12
13
14
15
16
17
18
19
20
21
22
23
27
28
29
39
40
41
63
64
65
100
101
102
158
159
160
217
218
219
259
260
261
286
287
288
365
366
367
413
414
415
446
447
448
486
487
488
606
607
608
680
681
682
900
901
4
5
6
7
8
9
10
11
12
13
14
15
16
17
18
19
20
21
22
23
27
28
29
39
40
41
63
64
65
100
101
102
158
159
160
217
218
219
259
260
261
286
287
288
365
366
367
413
414
415
446
447
448
486
487
488
606
607
608
680
681
682
900
901
902
1025
