0
20
21
20
21
22
23
20
21
22
23
24
25
20
21
22
23
24
25
26
27
20
21
22
23
24
25
26
27
28
29
20
21
22
23
24
25
26
27
28
29
30
31
20
21
22
23
24
25
26
27
28
29
30
31
33
34
20
21
22
23
24
25
26
27
28
29
30
31
33
34
39
41
20
21
22
23
24
25
26
27
28
29
30
31
33
34
39
41
51
52
20
21
22
23
24
25
26
27
28
29
30
31
33
34
39
41
51
52
53
55
20
21
22
23
24
25
26
27
28
29
30
31
33
34
39
41
51
52
53
55
56
57
20
21
22
23
24
25
26
27
28
29
30
31
33
34
39
41
51
52
53
55
56
57
58
60
20
21
22
23
24
25
26
27
28
29
30
31
33
34
39
41
51
52
53
55
56
57
58
60
62
63
20
21
22
23
24
25
26
27
28
29
30
31
33
34
39
41
51
52
53
55
56
57
58
60
62
63
64
67
20
21
22
23
24
25
26
27
28
29
30
31
33
34
39
41
51
52
53
55
56
57
58
60
62
63
64
67
68
69
20
21
22
23
24
25
26
27
28
29
30
31
33
34
39
41
51
52
53
55
56
57
58
60
62
63
64
67
68
69
71
77
20
21
22
23
24
25
26
27
28
29
30
31
33
34
39
41
51
52
53
55
56
57
58
60
62
63
64
67
68
69
71
77
78
79
20
21
22
23
24
25
26
27
28
29
30
31
33
34
39
41
51
52
53
55
56
57
58
60
62
63
64
67
68
69
71
77
78
79
83
85
20
21
22
23
24
25
26
27
28
29
30
31
33
34
39
41
51
52
53
55
56
57
58
60
62
63
64
67
68
69
71
77
78
79
83
85
86
90
20
21
22
23
24
25
26
27
28
29
30
31
33
34
39
41
51
52
53
55
56
57
58
60
62
63
64
67
68
69
71
77
78
79
83
85
86
90
93
94
20
21
22
23
24
25
26
27
28
29
30
31
33
34
39
41
51
52
53
55
56
57
58
60
62
63
64
67
68
69
71
77
78
79
83
85
86
90
93
94
95
97
20
21
22
23
24
25
26
27
28
29
30
31
33
34
39
41
51
52
53
55
56
57
58
60
62
63
64
67
68
69
71
77
78
79
83
85
86
90
93
94
95
97
99
100
20
21
22
23
24
25
26
27
28
29
30
31
33
34
39
41
51
52
53
55
56
57
58
60
62
63
64
67
68
69
71
77
78
79
83
85
86
90
93
94
95
97
99
100
101
105
20
21
22
23
24
25
26
27
28
29
30
31
33
34
39
41
51
52
53
55
56
57
58
60
62
63
64
67
68
69
71
77
78
79
83
85
86
90
93
94
95
97
99
100
101
105
107
111
20
21
22
23
24
25
26
27
28
29
30
31
33
34
39
41
51
52
53
55
56
57
58
60
62
63
64
67
68
69
71
77
78
79
83
85
86
90
93
94
95
97
99
100
101
105
107
111
112
118
20
21
22
23
24
25
26
27
28
29
30
31
33
34
39
41
51
52
53
55
56
57
58
60
62
63
64
67
68
69
71
77
78
79
83
85
86
90
93
94
95
97
99
100
101
105
107
111
112
118
120
122
20
21
22
23
24
25
26
27
28
29
30
31
33
34
39
41
51
52
53
55
56
57
58
60
62
63
64
67
68
69
71
77
78
79
83
85
86
90
93
94
95
97
99
100
101
105
107
111
112
118
120
122
124
130
20
21
22
23
24
25
26
27
28
29
30
31
33
34
39
41
51
52
53
55
56
57
58
60
62
63
64
67
68
69
71
77
78
79
83
85
86
90
93
94
95
97
99
100
101
105
107
111
112
118
120
122
124
130
131
132
20
21
22
23
24
25
26
27
28
29
30
31
33
34
39
41
51
52
53
55
56
57
58
60
62
63
64
67
68
69
71
77
78
79
83
85
86
90
93
94
95
97
99
100
101
105
107
111
112
118
120
122
124
130
131
132
139
144
20
21
22
23
24
25
26
27
28
29
30
31
33
34
39
41
51
52
53
55
56
57
58
60
62
63
64
67
68
69
71
77
78
79
83
85
86
90
93
94
95
97
99
100
101
105
107
111
112
118
120
122
124
130
131
132
139
144
145
151
20
21
22
23
24
25
26
27
28
29
30
31
33
34
39
41
51
52
53
55
56
57
58
60
62
63
64
67
68
69
71
77
78
79
83
85
86
90
93
94
95
97
99
100
101
105
107
111
112
118
120
122
124
130
131
132
139
144
145
151
158
163
20
21
22
23
24
25
26
27
28
29
30
31
33
34
39
41
51
52
53
55
56
57
58
60
62
63
64
67
68
69
71
77
78
79
83
85
86
90
93
94
95
97
99
100
101
105
107
111
112
118
120
122
124
130
131
132
139
144
145
151
158
163
165
172
20
21
22
23
24
25
26
27
28
29
30
31
33
34
39
41
51
52
53
55
56
57
58
60
62
63
64
67
68
69
71
77
78
79
83
85
86
90
93
94
95
97
99
100
101
105
107
111
112
118
120
122
124
130
131
132
139
144
145
151
158
163
165
172
181
191
20
21
22
23
24
25
26
27
28
29
30
31
33
34
39
41
51
52
53
55
56
57
58
60
62
63
64
67
68
69
71
77
78
79
83
85
86
90
93
94
95
97
99
100
101
105
107
111
112
118
120
122
124
130
131
132
139
144
145
151
158
163
165
172
181
191
199
205
20
21
22
23
24
25
26
27
28
29
30
31
33
34
39
41
51
52
53
55
56
57
58
60
62
63
64
67
68
69
71
77
78
79
83
85
86
90
93
94
95
97
99
100
101
105
107
111
112
118
120
122
124
130
131
132
139
144
145
151
158
163
165
172
181
191
199
205
209
211
20
21
22
23
24
25
26
27
28
29
30
31
33
34
39
41
51
52
53
55
56
57
58
60
62
63
64
67
68
69
71
77
78
79
83
85
86
90
93
94
95
97
99
100
101
105
107
111
112
118
120
122
124
130
131
132
139
144
145
151
158
163
165
172
181
191
199
205
209
211
221
227
20
21
22
23
24
25
26
27
28
29
30
31
33
34
39
41
51
52
53
55
56
57
58
60
62
63
64
67
68
69
71
77
78
79
83
85
86
90
93
94
95
97
99
100
101
105
107
111
112
118
120
122
124
130
131
132
139
144
145
151
158
163
165
172
181
191
199
205
209
211
221
227
234
242
20
21
22
23
24
25
26
27
28
29
30
31
33
34
39
41
51
52
53
55
56
57
58
60
62
63
64
67
68
69
71
77
78
79
83
85
86
90
93
94
95
97
99
100
101
105
107
111
112
118
120
122
124
130
131
132
139
144
145
151
158
163
165
172
181
191
199
205
209
211
221
227
234
242
248
252
20
21
22
23
24
25
26
27
28
29
30
31
33
34
39
41
51
52
53
55
56
57
58
60
62
63
64
67
68
69
71
77
78
79
83
85
86
90
93
94
95
97
99
100
101
105
107
111
112
118
120
122
124
130
131
132
139
144
145
151
158
163
165
172
181
191
199
205
209
211
221
227
234
242
248
252
253
259
20
21
22
23
24
25
26
27
28
29
30
31
33
34
39
41
51
52
53
55
56
57
58
60
62
63
64
67
68
69
71
77
78
79
83
85
86
90
93
94
95
97
99
100
101
105
107
111
112
118
120
122
124
130
131
132
139
144
145
151
158
163
165
172
181
191
199
205
209
211
221
227
234
242
248
252
253
259
264
271
20
21
22
23
24
25
26
27
28
29
30
31
33
34
39
41
51
52
53
55
56
57
58
60
62
63
64
67
68
69
71
77
78
79
83
85
86
90
93
94
95
97
99
100
101
105
107
111
112
118
120
122
124
130
131
132
139
144
145
151
158
163
165
172
181
191
199
205
209
211
221
227
234
242
248
252
253
259
264
271
277
285
20
21
22
23
24
25
26
27
28
29
30
31
33
34
39
41
51
52
53
55
56
57
58
60
62
63
64
67
68
69
71
77
78
79
83
85
86
90
93
94
95
97
99
100
101
105
107
111
112
118
120
122
124
130
131
132
139
144
145
151
158
163
165
172
181
191
199
205
209
211
221
227
234
242
248
252
253
259
264
271
277
285
289
292
20
21
22
23
24
25
26
27
28
29
30
31
33
34
39
41
51
52
53
55
56
57
58
60
62
63
64
67
68
69
71
77
78
79
83
85
86
90
93
94
95
97
99
100
101
105
107
111
112
118
120
122
124
130
131
132
139
144
145
151
158
163
165
172
181
191
199
205
209
211
221
227
234
242
248
252
253
259
264
271
277
285
289
292
303
305
20
21
22
23
24
25
26
27
28
29
30
31
33
34
39
41
51
52
53
55
56
57
58
60
62
63
64
67
68
69
71
77
78
79
83
85
86
90
93
94
95
97
99
100
101
105
107
111
112
118
120
122
124
130
131
132
139
144
145
151
158
163
165
172
181
191
199
205
209
211
221
227
234
242
248
252
253
259
264
271
277
285
289
292
303
305
306
307
20
21
22
23
24
25
26
27
28
29
30
31
33
34
39
41
51
52
53
55
56
57
58
60
62
63
64
67
68
69
71
77
78
79
83
85
86
90
93
94
95
97
99
100
101
105
107
111
112
118
120
122
124
130
131
132
139
144
145
151
158
163
165
172
181
191
199
205
209
211
221
227
234
242
248
252
253
259
264
271
277
285
289
292
303
305
306
307
308
309
20
21
22
23
24
25
26
27
28
29
30
31
33
34
39
41
51
52
53
55
56
57
58
60
62
63
64
67
68
69
71
77
78
79
83
85
86
90
93
94
95
97
99
100
101
105
107
111
112
118
120
122
124
130
131
132
139
144
145
151
158
163
165
172
181
191
199
205
209
211
221
227
234
242
248
252
253
259
264
271
277
285
289
292
303
305
306
307
308
309
310
311
20
21
22
23
24
25
26
27
28
29
30
31
33
34
39
41
51
52
53
55
56
57
58
60
62
63
64
67
68
69
71
77
78
79
83
85
86
90
93
94
95
97
99
100
101
105
107
111
112
118
120
122
124
130
131
132
139
144
145
151
158
163
165
172
181
191
199
205
209
211
221
227
234
242
248
252
253
259
264
271
277
285
289
292
303
305
306
307
308
309
310
311
312
313
20
21
22
23
24
25
26
27
28
29
30
31
33
34
39
41
51
52
53
55
56
57
58
60
62
63
64
67
68
69
71
77
78
79
83
85
86
90
93
94
95
97
99
100
101
105
107
111
112
118
120
122
124
130
131
132
139
144
145
151
158
163
165
172
181
191
199
205
209
211
221
227
234
242
248
252
253
259
264
271
277
285
289
292
303
305
306
307
308
309
310
311
312
313
314
320
20
21
22
23
24
25
26
27
28
29
30
31
33
34
39
41
51
52
53
55
56
57
58
60
62
63
64
67
68
69
71
77
78
79
83
85
86
90
93
94
95
97
99
100
101
105
107
111
112
118
120
122
124
130
131
132
139
144
145
151
158
163
165
172
181
191
199
205
209
211
221
227
234
242
248
252
253
259
264
271
277
285
289
292
303
305
306
307
308
309
310
311
312
313
314
320
322
329
20
21
22
23
24
25
26
27
28
29
30
31
33
34
39
41
51
52
53
55
56
57
58
60
62
63
64
67
68
69
71
77
78
79
83
85
86
90
93
94
95
97
99
100
101
105
107
111
112
118
120
122
124
130
131
132
139
144
145
151
158
163
165
172
181
191
199
205
209
211
221
227
234
242
248
252
253
259
264
271
277
285
289
292
303
305
306
307
308
309
310
311
312
313
314
320
322
329
330
337
20
21
22
23
24
25
26
27
28
29
30
31
33
34
39
41
51
52
53
55
56
57
58
60
62
63
64
67
68
69
71
77
78
79
83
85
86
90
93
94
95
97
99
100
101
105
107
111
112
118
120
122
124
130
131
132
139
144
145
151
158
163
165
172
181
191
199
205
209
211
221
227
234
242
248
252
253
259
264
271
277
285
289
292
303
305
306
307
308
309
310
311
312
313
314
320
322
329
330
337
343
351
20
21
22
23
24
25
26
27
28
29
30
31
33
34
39
41
51
52
53
55
56
57
58
60
62
63
64
67
68
69
71
77
78
79
83
85
86
90
93
94
95
97
99
100
101
105
107
111
112
118
120
122
124
130
131
132
139
144
145
151
158
163
165
172
181
191
199
205
209
211
221
227
234
242
248
252
253
259
264
271
277
285
289
292
303
305
306
307
308
309
310
311
312
313
314
320
322
329
330
337
343
351
352
353
20
21
22
23
24
25
26
27
28
29
30
31
33
34
39
41
51
52
53
55
56
57
58
60
62
63
64
67
68
69
71
77
78
79
83
85
86
90
93
94
95
97
99
100
101
105
107
111
112
118
120
122
124
130
131
132
139
144
145
151
158
163
165
172
181
191
199
205
209
211
221
227
234
242
248
252
253
259
264
271
277
285
289
292
303
305
306
307
308
309
310
311
312
313
314
320
322
329
330
337
343
351
352
353
358
360
20
21
22
23
24
25
26
27
28
29
30
31
33
34
39
41
51
52
53
55
56
57
58
60
62
63
64
67
68
69
71
77
78
79
83
85
86
90
93
94
95
97
99
100
101
105
107
111
112
118
120
122
124
130
131
132
139
144
145
151
158
163
165
172
181
191
199
205
209
211
221
227
234
242
248
252
253
259
264
271
277
285
289
292
303
305
306
307
308
309
310
311
312
313
314
320
322
329
330
337
343
351
352
353
358
360
362
363
20
21
22
23
24
25
26
27
28
29
30
31
33
34
39
41
51
52
53
55
56
57
58
60
62
63
64
67
68
69
71
77
78
79
83
85
86
90
93
94
95
97
99
100
101
105
107
111
112
118
120
122
124
130
131
132
139
144
145
151
158
163
165
172
181
191
199
205
209
211
221
227
234
242
248
252
253
259
264
271
277
285
289
292
303
305
306
307
308
309
310
311
312
313
314
320
322
329
330
337
343
351
352
353
358
360
362
363
364
365
20
21
22
23
24
25
26
27
28
29
30
31
33
34
39
41
51
52
53
55
56
57
58
60
62
63
64
67
68
69
71
77
78
79
83
85
86
90
93
94
95
97
99
100
101
105
107
111
112
118
120
122
124
130
131
132
139
144
145
151
158
163
165
172
181
191
199
205
209
211
221
227
234
242
248
252
253
259
264
271
277
285
289
292
303
305
306
307
308
309
310
311
312
313
314
320
322
329
330
337
343
351
352
353
358
360
362
363
364
365
366
367
20
21
22
23
24
25
26
27
28
29
30
31
33
34
39
41
51
52
53
55
56
57
58
60
62
63
64
67
68
69
71
77
78
79
83
85
86
90
93
94
95
97
99
100
101
105
107
111
112
118
120
122
124
130
131
132
139
144
145
151
158
163
165
172
181
191
199
205
209
211
221
227
234
242
248
252
253
259
264
271
277
285
289
292
303
305
306
307
308
309
310
311
312
313
314
320
322
329
330
337
343
351
352
353
358
360
362
363
364
365
366
367
368
369
20
21
22
23
24
25
26
27
28
29
30
31
33
34
39
41
51
52
53
55
56
57
58
60
62
63
64
67
68
69
71
77
78
79
83
85
86
90
93
94
95
97
99
100
101
105
107
111
112
118
120
122
124
130
131
132
139
144
145
151
158
163
165
172
181
191
199
205
209
211
221
227
234
242
248
252
253
259
264
271
277
285
289
292
303
305
306
307
308
309
310
311
312
313
314
320
322
329
330
337
343
351
352
353
358
360
362
363
364
365
366
367
368
369
370
371
20
21
22
23
24
25
26
27
28
29
30
31
33
34
39
41
51
52
53
55
56
57
58
60
62
63
64
67
68
69
71
77
78
79
83
85
86
90
93
94
95
97
99
100
101
105
107
111
112
118
120
122
124
130
131
132
139
144
145
151
158
163
165
172
181
191
199
205
209
211
221
227
234
242
248
252
253
259
264
271
277
285
289
292
303
305
306
307
308
309
310
311
312
313
314
320
322
329
330
337
343
351
352
353
358
360
362
363
364
365
366
367
368
369
370
371
372
373
20
21
22
23
24
25
26
27
28
29
30
31
33
34
39
41
51
52
53
55
56
57
58
60
62
63
64
67
68
69
71
77
78
79
83
85
86
90
93
94
95
97
99
100
101
105
107
111
112
118
120
122
124
130
131
132
139
144
145
151
158
163
165
172
181
191
199
205
209
211
221
227
234
242
248
252
253
259
264
271
277
285
289
292
303
305
306
307
308
309
310
311
312
313
314
320
322
329
330
337
343
351
352
353
358
360
362
363
364
365
366
367
368
369
370
371
372
373
379
380
20
21
22
23
24
25
26
27
28
29
30
31
33
34
39
41
51
52
53
55
56
57
58
60
62
63
64
67
68
69
71
77
78
79
83
85
86
90
93
94
95
97
99
100
101
105
107
111
112
118
120
122
124
130
131
132
139
144
145
151
158
163
165
172
181
191
199
205
209
211
221
227
234
242
248
252
253
259
264
271
277
285
289
292
303
305
306
307
308
309
310
311
312
313
314
320
322
329
330
337
343
351
352
353
358
360
362
363
364
365
366
367
368
369
370
371
372
373
379
380
381
389
20
21
22
23
24
25
26
27
28
29
30
31
33
34
39
41
51
52
53
55
56
57
58
60
62
63
64
67
68
69
71
77
78
79
83
85
86
90
93
94
95
97
99
100
101
105
107
111
112
118
120
122
124
130
131
132
139
144
145
151
158
163
165
172
181
191
199
205
209
211
221
227
234
242
248
252
253
259
264
271
277
285
289
292
303
305
306
307
308
309
310
311
312
313
314
320
322
329
330
337
343
351
352
353
358
360
362
363
364
365
366
367
368
369
370
371
372
373
379
380
381
389
390
391
20
21
22
23
24
25
26
27
28
29
30
31
33
34
39
41
51
52
53
55
56
57
58
60
62
63
64
67
68
69
71
77
78
79
83
85
86
90
93
94
95
97
99
100
101
105
107
111
112
118
120
122
124
130
131
132
139
144
145
151
158
163
165
172
181
191
199
205
209
211
221
227
234
242
248
252
253
259
264
271
277
285
289
292
303
305
306
307
308
309
310
311
312
313
314
320
322
329
330
337
343
351
352
353
358
360
362
363
364
365
366
367
368
369
370
371
372
373
379
380
381
389
390
391
397
413
20
21
22
23
24
25
26
27
28
29
30
31
33
34
39
41
51
52
53
55
56
57
58
60
62
63
64
67
68
69
71
77
78
79
83
85
86
90
93
94
95
97
99
100
101
105
107
111
112
118
120
122
124
130
131
132
139
144
145
151
158
163
165
172
181
191
199
205
209
211
221
227
234
242
248
252
253
259
264
271
277
285
289
292
303
305
306
307
308
309
310
311
312
313
314
320
322
329
330
337
343
351
352
353
358
360
362
363
364
365
366
367
368
369
370
371
372
373
379
380
381
389
390
391
397
413
449
482
20
21
22
23
24
25
26
27
28
29
30
31
33
34
39
41
51
52
53
55
56
57
58
60
62
63
64
67
68
69
71
77
78
79
83
85
86
90
93
94
95
97
99
100
101
105
107
111
112
118
120
122
124
130
131
132
139
144
145
151
158
163
165
172
181
191
199
205
209
211
221
227
234
242
248
252
253
259
264
271
277
285
289
292
303
305
306
307
308
309
310
311
312
313
314
320
322
329
330
337
343
351
352
353
358
360
362
363
364
365
366
367
368
369
370
371
372
373
379
380
381
389
390
391
397
413
449
482
516
548
20
21
22
23
24
25
26
27
28
29
30
31
33
34
39
41
51
52
53
55
56
57
58
60
62
63
64
67
68
69
71
77
78
79
83
85
86
90
93
94
95
97
99
100
101
105
107
111
112
118
120
122
124
130
131
132
139
144
145
151
158
163
165
172
181
191
199
205
209
211
221
227
234
242
248
252
253
259
264
271
277
285
289
292
303
305
306
307
308
309
310
311
312
313
314
320
322
329
330
337
343
351
352
353
358
360
362
363
364
365
366
367
368
369
370
371
372
373
379
380
381
389
390
391
397
413
449
482
516
548
580
618
20
21
22
23
24
25
26
27
28
29
30
31
33
34
39
41
51
52
53
55
56
57
58
60
62
63
64
67
68
69
71
77
78
79
83
85
86
90
93
94
95
97
99
100
101
105
107
111
112
118
120
122
124
130
131
132
139
144
145
151
158
163
165
172
181
191
199
205
209
211
221
227
234
242
248
252
253
259
264
271
277
285
289
292
303
305
306
307
308
309
310
311
312
313
314
320
322
329
330
337
343
351
352
353
358
360
362
363
364
365
366
367
368
369
370
371
372
373
379
380
381
389
390
391
397
413
449
482
516
548
580
618
652
695
20
21
22
23
24
25
26
27
28
29
30
31
33
34
39
41
51
52
53
55
56
57
58
60
62
63
64
67
68
69
71
77
78
79
83
85
86
90
93
94
95
97
99
100
101
105
107
111
112
118
120
122
124
130
131
132
139
144
145
151
158
163
165
172
181
191
199
205
209
211
221
227
234
242
248
252
253
259
264
271
277
285
289
292
303
305
306
307
308
309
310
311
312
313
314
320
322
329
330
337
343
351
352
353
358
360
362
363
364
365
366
367
368
369
370
371
372
373
379
380
381
389
390
391
397
413
449
482
516
548
580
618
652
695
730
757
20
21
22
23
24
25
26
27
28
29
30
31
33
34
39
41
51
52
53
55
56
57
58
60
62
63
64
67
68
69
71
77
78
79
83
85
86
90
93
94
95
97
99
100
101
105
107
111
112
118
120
122
124
130
131
132
139
144
145
151
158
163
165
172
181
191
199
205
209
211
221
227
234
242
248
252
253
259
264
271
277
285
289
292
303
305
306
307
308
309
310
311
312
313
314
320
322
329
330
337
343
351
352
353
358
360
362
363
364
365
366
367
368
369
370
371
372
373
379
380
381
389
390
391
397
413
449
482
516
548
580
618
652
695
730
757
1037
1038
1044
1077
1044
1077
1114
1146
1044
1077
1114
1146
1220
1247
1044
1077
1114
1146
1220
1247
1283
1310
1044
1077
1114
1146
1220
1247
1283
1310
1332
1353
1044
1077
1114
1146
1220
1247
1283
1310
1332
1353
1375
1395
1044
1077
1114
1146
1220
1247
1283
1310
1332
1353
1375
1395
1412
1442
1044
1077
1114
1146
1220
1247
1283
1310
1332
1353
1375
1395
1412
1442
1500
1523
1044
1077
1114
1146
1220
1247
1283
1310
1332
1353
1375
1395
1412
1442
1500
1523
1559
1583
1044
1077
1114
1146
1220
1247
1283
1310
1332
1353
1375
1395
1412
1442
1500
1523
1559
1583
1589
1621
1044
1077
1114
1146
1220
1247
1283
1310
1332
1353
1375
1395
1412
1442
1500
1523
1559
1583
1589
1621
1671
1734
1044
1077
1114
1146
1220
1247
1283
1310
1332
1353
1375
1395
1412
1442
1500
1523
1559
1583
1589
1621
1671
1734
1808
1872
1044
1077
1114
1146
1220
1247
1283
1310
1332
1353
1375
1395
1412
1442
1500
1523
1559
1583
1589
1621
1671
1734
1808
1872
1917
1975
1044
1077
1114
1146
1220
1247
1283
1310
1332
1353
1375
1395
1412
1442
1500
1523
1559
1583
1589
1621
1671
1734
1808
1872
1917
1975
2046
2118
1044
1077
1114
1146
1220
1247
1283
1310
1332
1353
1375
1395
1412
1442
1500
1523
1559
1583
1589
1621
1671
1734
1808
1872
1917
1975
2046
2118
2175
2246
1044
1077
1114
1146
1220
1247
1283
1310
1332
1353
1375
1395
1412
1442
1500
1523
1559
1583
1589
1621
1671
1734
1808
1872
1917
1975
2046
2118
2175
2246
2302
2429
1044
1077
1114
1146
1220
1247
1283
1310
1332
1353
1375
1395
1412
1442
1500
1523
1559
1583
1589
1621
1671
1734
1808
1872
1917
1975
2046
2118
2175
2246
2302
2429
2497
2550
1044
1077
1114
1146
1220
1247
1283
1310
1332
1353
1375
1395
1412
1442
1500
1523
1559
1583
1589
1621
1671
1734
1808
1872
1917
1975
2046
2118
2175
2246
2302
2429
2497
2550
2573
2598
1044
1077
1114
1146
1220
1247
1283
1310
1332
1353
1375
1395
1412
1442
1500
1523
1559
1583
1589
1621
1671
1734
1808
1872
1917
1975
2046
2118
2175
2246
2302
2429
2497
2550
2573
2598
2625
2644
1044
1077
1114
1146
1220
1247
1283
1310
1332
1353
1375
1395
1412
1442
1500
1523
1559
1583
1589
1621
1671
1734
1808
1872
1917
1975
2046
2118
2175
2246
2302
2429
2497
2550
2573
2598
2625
2644
2659
2682
1044
1077
1114
1146
1220
1247
1283
1310
1332
1353
1375
1395
1412
1442
1500
1523
1559
1583
1589
1621
1671
1734
1808
1872
1917
1975
2046
2118
2175
2246
2302
2429
2497
2550
2573
2598
2625
2644
2659
2682
2727
2748
1044
1077
1114
1146
1220
1247
1283
1310
1332
1353
1375
1395
1412
1442
1500
1523
1559
1583
1589
1621
1671
1734
1808
1872
1917
1975
2046
2118
2175
2246
2302
2429
2497
2550
2573
2598
2625
2644
2659
2682
2727
2748
2773
2796
1044
1077
1114
1146
1220
1247
1283
1310
1332
1353
1375
1395
1412
1442
1500
1523
1559
1583
1589
1621
1671
1734
1808
1872
1917
1975
2046
2118
2175
2246
2302
2429
2497
2550
2573
2598
2625
2644
2659
2682
2727
2748
2773
2796
2818
2844
1044
1077
1114
1146
1220
1247
1283
1310
1332
1353
1375
1395
1412
1442
1500
1523
1559
1583
1589
1621
1671
1734
1808
1872
1917
1975
2046
2118
2175
2246
2302
2429
2497
2550
2573
2598
2625
2644
2659
2682
2727
2748
2773
2796
2818
2844
2869
2892
1044
1077
1114
1146
1220
1247
1283
1310
1332
1353
1375
1395
1412
1442
1500
1523
1559
1583
1589
1621
1671
1734
1808
1872
1917
1975
2046
2118
2175
2246
2302
2429
2497
2550
2573
2598
2625
2644
2659
2682
2727
2748
2773
2796
2818
2844
2869
2892
2916
2946
1044
1077
1114
1146
1220
1247
1283
1310
1332
1353
1375
1395
1412
1442
1500
1523
1559
1583
1589
1621
1671
1734
1808
1872
1917
1975
2046
2118
2175
2246
2302
2429
2497
2550
2573
2598
2625
2644
2659
2682
2727
2748
2773
2796
2818
2844
2869
2892
2916
2946
2980
3013
1044
1077
1114
1146
1220
1247
1283
1310
1332
1353
1375
1395
1412
1442
1500
1523
1559
1583
1589
1621
1671
1734
1808
1872
1917
1975
2046
2118
2175
2246
2302
2429
2497
2550
2573
2598
2625
2644
2659
2682
2727
2748
2773
2796
2818
2844
2869
2892
2916
2946
2980
3013
3053
3126
1044
1077
1114
1146
1220
1247
1283
1310
1332
1353
1375
1395
1412
1442
1500
1523
1559
1583
1589
1621
1671
1734
1808
1872
1917
1975
2046
2118
2175
2246
2302
2429
2497
2550
2573
2598
2625
2644
2659
2682
2727
2748
2773
2796
2818
2844
2869
2892
2916
2946
2980
3013
3053
3126
3162
3200
1044
1077
1114
1146
1220
1247
1283
1310
1332
1353
1375
1395
1412
1442
1500
1523
1559
1583
1589
1621
1671
1734
1808
1872
1917
1975
2046
2118
2175
2246
2302
2429
2497
2550
2573
2598
2625
2644
2659
2682
2727
2748
2773
2796
2818
2844
2869
2892
2916
2946
2980
3013
3053
3126
3162
3200
3236
3260
1044
1077
1114
1146
1220
1247
1283
1310
1332
1353
1375
1395
1412
1442
1500
1523
1559
1583
1589
1621
1671
1734
1808
1872
1917
1975
2046
2118
2175
2246
2302
2429
2497
2550
2573
2598
2625
2644
2659
2682
2727
2748
2773
2796
2818
2844
2869
2892
2916
2946
2980
3013
3053
3126
3162
3200
3236
3260
3294
3333
1044
1077
1114
1146
1220
1247
1283
1310
1332
1353
1375
1395
1412
1442
1500
1523
1559
1583
1589
1621
1671
1734
1808
1872
1917
1975
2046
2118
2175
2246
2302
2429
2497
2550
2573
2598
2625
2644
2659
2682
2727
2748
2773
2796
2818
2844
2869
2892
2916
2946
2980
3013
3053
3126
3162
3200
3236
3260
3294
3333
3374
3414
1044
1077
1114
1146
1220
1247
1283
1310
1332
1353
1375
1395
1412
1442
1500
1523
1559
1583
1589
1621
1671
1734
1808
1872
1917
1975
2046
2118
2175
2246
2302
2429
2497
2550
2573
2598
2625
2644
2659
2682
2727
2748
2773
2796
2818
2844
2869
2892
2916
2946
2980
3013
3053
3126
3162
3200
3236
3260
3294
3333
3374
3414
3456
3489
1044
1077
1114
1146
1220
1247
1283
1310
1332
1353
1375
1395
1412
1442
1500
1523
1559
1583
1589
1621
1671
1734
1808
1872
1917
1975
2046
2118
2175
2246
2302
2429
2497
2550
2573
2598
2625
2644
2659
2682
2727
2748
2773
2796
2818
2844
2869
2892
2916
2946
2980
3013
3053
3126
3162
3200
3236
3260
3294
3333
3374
3414
3456
3489
3558
3644
1044
1077
1114
1146
1220
1247
1283
1310
1332
1353
1375
1395
1412
1442
1500
1523
1559
1583
1589
1621
1671
1734
1808
1872
1917
1975
2046
2118
2175
2246
2302
2429
2497
2550
2573
2598
2625
2644
2659
2682
2727
2748
2773
2796
2818
2844
2869
2892
2916
2946
2980
3013
3053
3126
3162
3200
3236
3260
3294
3333
3374
3414
3456
3489
3558
3644
3716
3800
1044
1077
1114
1146
1220
1247
1283
1310
1332
1353
1375
1395
1412
1442
1500
1523
1559
1583
1589
1621
1671
1734
1808
1872
1917
1975
2046
2118
2175
2246
2302
2429
2497
2550
2573
2598
2625
2644
2659
2682
2727
2748
2773
2796
2818
2844
2869
2892
2916
2946
2980
3013
3053
3126
3162
3200
3236
3260
3294
3333
3374
3414
3456
3489
3558
3644
3716
3800
3883
3970
1044
1077
1114
1146
1220
1247
1283
1310
1332
1353
1375
1395
1412
1442
1500
1523
1559
1583
1589
1621
1671
1734
1808
1872
1917
1975
2046
2118
2175
2246
2302
2429
2497
2550
2573
2598
2625
2644
2659
2682
2727
2748
2773
2796
2818
2844
2869
2892
2916
2946
2980
3013
3053
3126
3162
3200
3236
3260
3294
3333
3374
3414
3456
3489
3558
3644
3716
3800
3883
3970
4048
4135
1044
1077
1114
1146
1220
1247
1283
1310
1332
1353
1375
1395
1412
1442
1500
1523
1559
1583
1589
1621
1671
1734
1808
1872
1917
1975
2046
2118
2175
2246
2302
2429
2497
2550
2573
2598
2625
2644
2659
2682
2727
2748
2773
2796
2818
2844
2869
2892
2916
2946
2980
3013
3053
3126
3162
3200
3236
3260
3294
3333
3374
3414
3456
3489
3558
3644
3716
3800
3883
3970
4048
4135
4223
4313
1044
1077
1114
1146
1220
1247
1283
1310
1332
1353
1375
1395
1412
1442
1500
1523
1559
1583
1589
1621
1671
1734
1808
1872
1917
1975
2046
2118
2175
2246
2302
2429
2497
2550
2573
2598
2625
2644
2659
2682
2727
2748
2773
2796
2818
2844
2869
2892
2916
2946
2980
3013
3053
3126
3162
3200
3236
3260
3294
3333
3374
3414
3456
3489
3558
3644
3716
3800
3883
3970
4048
4135
4223
4313
4404
4494
1044
1077
1114
1146
1220
1247
1283
1310
1332
1353
1375
1395
1412
1442
1500
1523
1559
1583
1589
1621
1671
1734
1808
1872
1917
1975
2046
2118
2175
2246
2302
2429
2497
2550
2573
2598
2625
2644
2659
2682
2727
2748
2773
2796
2818
2844
2869
2892
2916
2946
2980
3013
3053
3126
3162
3200
3236
3260
3294
3333
3374
3414
3456
3489
3558
3644
3716
3800
3883
3970
4048
4135
4223
4313
4404
4494
4582
4679
1044
1077
1114
1146
1220
1247
1283
1310
1332
1353
1375
1395
1412
1442
1500
1523
1559
1583
1589
1621
1671
1734
1808
1872
1917
1975
2046
2118
2175
2246
2302
2429
2497
2550
2573
2598
2625
2644
2659
2682
2727
2748
2773
2796
2818
2844
2869
2892
2916
2946
2980
3013
3053
3126
3162
3200
3236
3260
3294
3333
3374
3414
3456
3489
3558
3644
3716
3800
3883
3970
4048
4135
4223
4313
4404
4494
4582
4679
4770
4870
1044
1077
1114
1146
1220
1247
1283
1310
1332
1353
1375
1395
1412
1442
1500
1523
1559
1583
1589
1621
1671
1734
1808
1872
1917
1975
2046
2118
2175
2246
2302
2429
2497
2550
2573
2598
2625
2644
2659
2682
2727
2748
2773
2796
2818
2844
2869
2892
2916
2946
2980
3013
3053
3126
3162
3200
3236
3260
3294
3333
3374
3414
3456
3489
3558
3644
3716
3800
3883
3970
4048
4135
4223
4313
4404
4494
4582
4679
4770
4870
4969
5049
1044
1077
1114
1146
1220
1247
1283
1310
1332
1353
1375
1395
1412
1442
1500
1523
1559
1583
1589
1621
1671
1734
1808
1872
1917
1975
2046
2118
2175
2246
2302
2429
2497
2550
2573
2598
2625
2644
2659
2682
2727
2748
2773
2796
2818
2844
2869
2892
2916
2946
2980
3013
3053
3126
3162
3200
3236
3260
3294
3333
3374
3414
3456
3489
3558
3644
3716
3800
3883
3970
4048
4135
4223
4313
4404
4494
4582
4679
4770
4870
4969
5049
5138
5229
1044
1077
1114
1146
1220
1247
1283
1310
1332
1353
1375
1395
1412
1442
1500
1523
1559
1583
1589
1621
1671
1734
1808
1872
1917
1975
2046
2118
2175
2246
2302
2429
2497
2550
2573
2598
2625
2644
2659
2682
2727
2748
2773
2796
2818
2844
2869
2892
2916
2946
2980
3013
3053
3126
3162
3200
3236
3260
3294
3333
3374
3414
3456
3489
3558
3644
3716
3800
3883
3970
4048
4135
4223
4313
4404
4494
4582
4679
4770
4870
4969
5049
5138
5229
5322
5406
1044
1077
1114
1146
1220
1247
1283
1310
1332
1353
1375
1395
1412
1442
1500
1523
1559
1583
1589
1621
1671
1734
1808
1872
1917
1975
2046
2118
2175
2246
2302
2429
2497
2550
2573
2598
2625
2644
2659
2682
2727
2748
2773
2796
2818
2844
2869
2892
2916
2946
2980
3013
3053
3126
3162
3200
3236
3260
3294
3333
3374
3414
3456
3489
3558
3644
3716
3800
3883
3970
4048
4135
4223
4313
4404
4494
4582
4679
4770
4870
4969
5049
5138
5229
5322
5406
5469
5546
1044
1077
1114
1146
1220
1247
1283
1310
1332
1353
1375
1395
1412
1442
1500
1523
1559
1583
1589
1621
1671
1734
1808
1872
1917
1975
2046
2118
2175
2246
2302
2429
2497
2550
2573
2598
2625
2644
2659
2682
2727
2748
2773
2796
2818
2844
2869
2892
2916
2946
2980
3013
3053
3126
3162
3200
3236
3260
3294
3333
3374
3414
3456
3489
3558
3644
3716
3800
3883
3970
4048
4135
4223
4313
4404
4494
4582
4679
4770
4870
4969
5049
5138
5229
5322
5406
5469
5546
6203
6204
1044
1077
1114
1146
1220
1247
1283
1310
1332
1353
1375
1395
1412
1442
1500
1523
1559
1583
1589
1621
1671
1734
1808
1872
1917
1975
2046
2118
2175
2246
2302
2429
2497
2550
2573
2598
2625
2644
2659
2682
2727
2748
2773
2796
2818
2844
2869
2892
2916
2946
2980
3013
3053
3126
3162
3200
3236
3260
3294
3333
3374
3414
3456
3489
3558
3644
3716
3800
3883
3970
4048
4135
4223
4313
4404
4494
4582
4679
4770
4870
4969
5049
5138
5229
5322
5406
5469
5546
6203
6204
6205
6206
1044
1077
1114
1146
1220
1247
1283
1310
1332
1353
1375
1395
1412
1442
1500
1523
1559
1583
1589
1621
1671
1734
1808
1872
1917
1975
2046
2118
2175
2246
2302
2429
2497
2550
2573
2598
2625
2644
2659
2682
2727
2748
2773
2796
2818
2844
2869
2892
2916
2946
2980
3013
3053
3126
3162
3200
3236
3260
3294
3333
3374
3414
3456
3489
3558
3644
3716
3800
3883
3970
4048
4135
4223
4313
4404
4494
4582
4679
4770
4870
4969
5049
5138
5229
5322
5406
5469
5546
6203
6204
6205
6206
6316
6429
1044
1077
1114
1146
1220
1247
1283
1310
1332
1353
1375
1395
1412
1442
1500
1523
1559
1583
1589
1621
1671
1734
1808
1872
1917
1975
2046
2118
2175
2246
2302
2429
2497
2550
2573
2598
2625
2644
2659
2682
2727
2748
2773
2796
2818
2844
2869
2892
2916
2946
2980
3013
3053
3126
3162
3200
3236
3260
3294
3333
3374
3414
3456
3489
3558
3644
3716
3800
3883
3970
4048
4135
4223
4313
4404
4494
4582
4679
4770
4870
4969
5049
5138
5229
5322
5406
5469
5546
6203
6204
6205
6206
6316
6429
6734
6735
1044
1077
1114
1146
1220
1247
1283
1310
1332
1353
1375
1395
1412
1442
1500
1523
1559
1583
1589
1621
1671
1734
1808
1872
1917
1975
2046
2118
2175
2246
2302
2429
2497
2550
2573
2598
2625
2644
2659
2682
2727
2748
2773
2796
2818
2844
2869
2892
2916
2946
2980
3013
3053
3126
3162
3200
3236
3260
3294
3333
3374
3414
3456
3489
3558
3644
3716
3800
3883
3970
4048
4135
4223
4313
4404
4494
4582
4679
4770
4870
4969
5049
5138
5229
5322
5406
5469
5546
6203
6204
6205
6206
6316
6429
6734
6735
6736
6737
1044
1077
1114
1146
1220
1247
1283
1310
1332
1353
1375
1395
1412
1442
1500
1523
1559
1583
1589
1621
1671
1734
1808
1872
1917
1975
2046
2118
2175
2246
2302
2429
2497
2550
2573
2598
2625
2644
2659
2682
2727
2748
2773
2796
2818
2844
2869
2892
2916
2946
2980
3013
3053
3126
3162
3200
3236
3260
3294
3333
3374
3414
3456
3489
3558
3644
3716
3800
3883
3970
4048
4135
4223
4313
4404
4494
4582
4679
4770
4870
4969
5049
5138
5229
5322
5406
5469
5546
6203
6204
6205
6206
6316
6429
6734
6735
6736
6737
6849
6850
1044
1077
1114
1146
1220
1247
1283
1310
1332
1353
1375
1395
1412
1442
1500
1523
1559
1583
1589
1621
1671
1734
1808
1872
1917
1975
2046
2118
2175
2246
2302
2429
2497
2550
2573
2598
2625
2644
2659
2682
2727
2748
2773
2796
2818
2844
2869
2892
2916
2946
2980
3013
3053
3126
3162
3200
3236
3260
3294
3333
3374
3414
3456
3489
3558
3644
3716
3800
3883
3970
4048
4135
4223
4313
4404
4494
4582
4679
4770
4870
4969
5049
5138
5229
5322
5406
5469
5546
6203
6204
6205
6206
6316
6429
6734
6735
6736
6737
6849
6850
6851
7410
1044
1077
1114
1146
1220
1247
1283
1310
1332
1353
1375
1395
1412
1442
1500
1523
1559
1583
1589
1621
1671
1734
1808
1872
1917
1975
2046
2118
2175
2246
2302
2429
2497
2550
2573
2598
2625
2644
2659
2682
2727
2748
2773
2796
2818
2844
2869
2892
2916
2946
2980
3013
3053
3126
3162
3200
3236
3260
3294
3333
3374
3414
3456
3489
3558
3644
3716
3800
3883
3970
4048
4135
4223
4313
4404
4494
4582
4679
4770
4870
4969
5049
5138
5229
5322
5406
5469
5546
6203
6204
6205
6206
6316
6429
6734
6735
6736
6737
6849
6850
6851
7410
7591
7826
1044
1077
1114
1146
1220
1247
1283
1310
1332
1353
1375
1395
1412
1442
1500
1523
1559
1583
1589
1621
1671
1734
1808
1872
1917
1975
2046
2118
2175
2246
2302
2429
2497
2550
2573
2598
2625
2644
2659
2682
2727
2748
2773
2796
2818
2844
2869
2892
2916
2946
2980
3013
3053
3126
3162
3200
3236
3260
3294
3333
3374
3414
3456
3489
3558
3644
3716
3800
3883
3970
4048
4135
4223
4313
4404
4494
4582
4679
4770
4870
4969
5049
5138
5229
5322
5406
5469
5546
6203
6204
6205
6206
6316
6429
6734
6735
6736
6737
6849
6850
6851
7410
7591
7826
7866
7868
1044
1077
1114
1146
1220
1247
1283
1310
1332
1353
1375
1395
1412
1442
1500
1523
1559
1583
1589
1621
1671
1734
1808
1872
1917
1975
2046
2118
2175
2246
2302
2429
2497
2550
2573
2598
2625
2644
2659
2682
2727
2748
2773
2796
2818
2844
2869
2892
2916
2946
2980
3013
3053
3126
3162
3200
3236
3260
3294
3333
3374
3414
3456
3489
3558
3644
3716
3800
3883
3970
4048
4135
4223
4313
4404
4494
4582
4679
4770
4870
4969
5049
5138
5229
5322
5406
5469
5546
6203
6204
6205
6206
6316
6429
6734
6735
6736
6737
6849
6850
6851
7410
7591
7826
7866
7868
7936
7979
1044
1077
1114
1146
1220
1247
1283
1310
1332
1353
1375
1395
1412
1442
1500
1523
1559
1583
1589
1621
1671
1734
1808
1872
1917
1975
2046
2118
2175
2246
2302
2429
2497
2550
2573
2598
2625
2644
2659
2682
2727
2748
2773
2796
2818
2844
2869
2892
2916
2946
2980
3013
3053
3126
3162
3200
3236
3260
3294
3333
3374
3414
3456
3489
3558
3644
3716
3800
3883
3970
4048
4135
4223
4313
4404
4494
4582
4679
4770
4870
4969
5049
5138
5229
5322
5406
5469
5546
6203
6204
6205
6206
6316
6429
6734
6735
6736
6737
6849
6850
6851
7410
7591
7826
7866
7868
7936
7979
7989
8051
1044
1077
1114
1146
1220
1247
1283
1310
1332
1353
1375
1395
1412
1442
1500
1523
1559
1583
1589
1621
1671
1734
1808
1872
1917
1975
2046
2118
2175
2246
2302
2429
2497
2550
2573
2598
2625
2644
2659
2682
2727
2748
2773
2796
2818
2844
2869
2892
2916
2946
2980
3013
3053
3126
3162
3200
3236
3260
3294
3333
3374
3414
3456
3489
3558
3644
3716
3800
3883
3970
4048
4135
4223
4313
4404
4494
4582
4679
4770
4870
4969
5049
5138
5229
5322
5406
5469
5546
6203
6204
6205
6206
6316
6429
6734
6735
6736
6737
6849
6850
6851
7410
7591
7826
7866
7868
7936
7979
7989
8051
8058
8096
1044
1077
1114
1146
1220
1247
1283
1310
1332
1353
1375
1395
1412
1442
1500
1523
1559
1583
1589
1621
1671
1734
1808
1872
1917
1975
2046
2118
2175
2246
2302
2429
2497
2550
2573
2598
2625
2644
2659
2682
2727
2748
2773
2796
2818
2844
2869
2892
2916
2946
2980
3013
3053
3126
3162
3200
3236
3260
3294
3333
3374
3414
3456
3489
3558
3644
3716
3800
3883
3970
4048
4135
4223
4313
4404
4494
4582
4679
4770
4870
4969
5049
5138
5229
5322
5406
5469
5546
6203
6204
6205
6206
6316
6429
6734
6735
6736
6737
6849
6850
6851
7410
7591
7826
7866
7868
7936
7979
7989
8051
8058
8096
8182
8218
1044
1077
1114
1146
1220
1247
1283
1310
1332
1353
1375
1395
1412
1442
1500
1523
1559
1583
1589
1621
1671
1734
1808
1872
1917
1975
2046
2118
2175
2246
2302
2429
2497
2550
2573
2598
2625
2644
2659
2682
2727
2748
2773
2796
2818
2844
2869
2892
2916
2946
2980
3013
3053
3126
3162
3200
3236
3260
3294
3333
3374
3414
3456
3489
3558
3644
3716
3800
3883
3970
4048
4135
4223
4313
4404
4494
4582
4679
4770
4870
4969
5049
5138
5229
5322
5406
5469
5546
6203
6204
6205
6206
6316
6429
6734
6735
6736
6737
6849
6850
6851
7410
7591
7826
7866
7868
7936
7979
7989
8051
8058
8096
8182
8218
8229
8248
1044
1077
1114
1146
1220
1247
1283
1310
1332
1353
1375
1395
1412
1442
1500
1523
1559
1583
1589
1621
1671
1734
1808
1872
1917
1975
2046
2118
2175
2246
2302
2429
2497
2550
2573
2598
2625
2644
2659
2682
2727
2748
2773
2796
2818
2844
2869
2892
2916
2946
2980
3013
3053
3126
3162
3200
3236
3260
3294
3333
3374
3414
3456
3489
3558
3644
3716
3800
3883
3970
4048
4135
4223
4313
4404
4494
4582
4679
4770
4870
4969
5049
5138
5229
5322
5406
5469
5546
6203
6204
6205
6206
6316
6429
6734
6735
6736
6737
6849
6850
6851
7410
7591
7826
7866
7868
7936
7979
7989
8051
8058
8096
8182
8218
8229
8248
8249
8310
1044
1077
1114
1146
1220
1247
1283
1310
1332
1353
1375
1395
1412
1442
1500
1523
1559
1583
1589
1621
1671
1734
1808
1872
1917
1975
2046
2118
2175
2246
2302
2429
2497
2550
2573
2598
2625
2644
2659
2682
2727
2748
2773
2796
2818
2844
2869
2892
2916
2946
2980
3013
3053
3126
3162
3200
3236
3260
3294
3333
3374
3414
3456
3489
3558
3644
3716
3800
3883
3970
4048
4135
4223
4313
4404
4494
4582
4679
4770
4870
4969
5049
5138
5229
5322
5406
5469
5546
6203
6204
6205
6206
6316
6429
6734
6735
6736
6737
6849
6850
6851
7410
7591
7826
7866
7868
7936
7979
7989
8051
8058
8096
8182
8218
8229
8248
8249
8310
8351
8373
1044
1077
1114
1146
1220
1247
1283
1310
1332
1353
1375
1395
1412
1442
1500
1523
1559
1583
1589
1621
1671
1734
1808
1872
1917
1975
2046
2118
2175
2246
2302
2429
2497
2550
2573
2598
2625
2644
2659
2682
2727
2748
2773
2796
2818
2844
2869
2892
2916
2946
2980
3013
3053
3126
3162
3200
3236
3260
3294
3333
3374
3414
3456
3489
3558
3644
3716
3800
3883
3970
4048
4135
4223
4313
4404
4494
4582
4679
4770
4870
4969
5049
5138
5229
5322
5406
5469
5546
6203
6204
6205
6206
6316
6429
6734
6735
6736
6737
6849
6850
6851
7410
7591
7826
7866
7868
7936
7979
7989
8051
8058
8096
8182
8218
8229
8248
8249
8310
8351
8373
8438
8491
1044
1077
1114
1146
1220
1247
1283
1310
1332
1353
1375
1395
1412
1442
1500
1523
1559
1583
1589
1621
1671
1734
1808
1872
1917
1975
2046
2118
2175
2246
2302
2429
2497
2550
2573
2598
2625
2644
2659
2682
2727
2748
2773
2796
2818
2844
2869
2892
2916
2946
2980
3013
3053
3126
3162
3200
3236
3260
3294
3333
3374
3414
3456
3489
3558
3644
3716
3800
3883
3970
4048
4135
4223
4313
4404
4494
4582
4679
4770
4870
4969
5049
5138
5229
5322
5406
5469
5546
6203
6204
6205
6206
6316
6429
6734
6735
6736
6737
6849
6850
6851
7410
7591
7826
7866
7868
7936
7979
7989
8051
8058
8096
8182
8218
8229
8248
8249
8310
8351
8373
8438
8491
9011
9219
1044
1077
1114
1146
1220
1247
1283
1310
1332
1353
1375
1395
1412
1442
1500
1523
1559
1583
1589
1621
1671
1734
1808
1872
1917
1975
2046
2118
2175
2246
2302
2429
2497
2550
2573
2598
2625
2644
2659
2682
2727
2748
2773
2796
2818
2844
2869
2892
2916
2946
2980
3013
3053
3126
3162
3200
3236
3260
3294
3333
3374
3414
3456
3489
3558
3644
3716
3800
3883
3970
4048
4135
4223
4313
4404
4494
4582
4679
4770
4870
4969
5049
5138
5229
5322
5406
5469
5546
6203
6204
6205
6206
6316
6429
6734
6735
6736
6737
6849
6850
6851
7410
7591
7826
7866
7868
7936
7979
7989
8051
8058
8096
8182
8218
8229
8248
8249
8310
8351
8373
8438
8491
9011
9219
9254
9338
1044
1077
1114
1146
1220
1247
1283
1310
1332
1353
1375
1395
1412
1442
1500
1523
1559
1583
1589
1621
1671
1734
1808
1872
1917
1975
2046
2118
2175
2246
2302
2429
2497
2550
2573
2598
2625
2644
2659
2682
2727
2748
2773
2796
2818
2844
2869
2892
2916
2946
2980
3013
3053
3126
3162
3200
3236
3260
3294
3333
3374
3414
3456
3489
3558
3644
3716
3800
3883
3970
4048
4135
4223
4313
4404
4494
4582
4679
4770
4870
4969
5049
5138
5229
5322
5406
5469
5546
6203
6204
6205
6206
6316
6429
6734
6735
6736
6737
6849
6850
6851
7410
7591
7826
7866
7868
7936
7979
7989
8051
8058
8096
8182
8218
8229
8248
8249
8310
8351
8373
8438
8491
9011
9219
9254
9338
10227
12420
12821
12489
13169
13101
