0
493
16717
16709
16680
16673
16717
16709
16680
16673
16658
16655
16640
16347
16717
16709
16680
16673
16658
16655
16640
16347
16346
16328
16311
16295
16717
16709
16680
16673
16658
16655
16640
16347
16346
16328
16311
16295
15840
15828
15826
15450
16717
16709
16680
16673
16658
16655
16640
16347
16346
16328
16311
16295
15840
15828
15826
15450
14880
14872
14830
14821
16717
16709
16680
16673
16658
16655
16640
16347
16346
16328
16311
16295
15840
15828
15826
15450
14880
14872
14830
14821
14819
14803
14787
14486
205
206
207
558
205
206
207
558
590
591
592
596
205
206
207
558
590
591
592
596
600
626
627
628
205
206
207
558
590
591
592
596
600
626
627
628
629
677
678
679
205
206
207
558
590
591
592
596
600
626
627
628
629
677
678
679
683
714
726
732
205
206
207
558
590
591
592
596
600
626
627
628
629
677
678
679
683
714
726
732
733
807
808
809
205
206
207
558
590
591
592
596
600
626
627
628
629
677
678
679
683
714
726
732
733
807
808
809
815
817
818
819
205
206
207
558
590
591
592
596
600
626
627
628
629
677
678
679
683
714
726
732
733
807
808
809
815
817
818
819
822
823
824
825
205
206
207
558
590
591
592
596
600
626
627
628
629
677
678
679
683
714
726
732
733
807
808
809
815
817
818
819
822
823
824
825
826
827
828
829
205
206
207
558
590
591
592
596
600
626
627
628
629
677
678
679
683
714
726
732
733
807
808
809
815
817
818
819
822
823
824
825
826
827
828
829
830
831
832
833
205
206
207
558
590
591
592
596
600
626
627
628
629
677
678
679
683
714
726
732
733
807
808
809
815
817
818
819
822
823
824
825
826
827
828
829
830
831
832
833
881
887
888
895
205
206
207
558
590
591
592
596
600
626
627
628
629
677
678
679
683
714
726
732
733
807
808
809
815
817
818
819
822
823
824
825
826
827
828
829
830
831
832
833
881
887
888
895
916
917
918
919
205
206
207
558
590
591
592
596
600
626
627
628
629
677
678
679
683
714
726
732
733
807
808
809
815
817
818
819
822
823
824
825
826
827
828
829
830
831
832
833
881
887
888
895
916
917
918
919
922
923
928
932
205
206
207
558
590
591
592
596
600
626
627
628
629
677
678
679
683
714
726
732
733
807
808
809
815
817
818
819
822
823
824
825
826
827
828
829
830
831
832
833
881
887
888
895
916
917
918
919
922
923
928
932
986
989
993
995
205
206
207
558
590
591
592
596
600
626
627
628
629
677
678
679
683
714
726
732
733
807
808
809
815
817
818
819
822
823
824
825
826
827
828
829
830
831
832
833
881
887
888
895
916
917
918
919
922
923
928
932
986
989
993
995
999
1000
1004
1007
205
206
207
558
590
591
592
596
600
626
627
628
629
677
678
679
683
714
726
732
733
807
808
809
815
817
818
819
822
823
824
825
826
827
828
829
830
831
832
833
881
887
888
895
916
917
918
919
922
923
928
932
986
989
993
995
999
1000
1004
1007
1008
1011
1012
1121
205
206
207
558
590
591
592
596
600
626
627
628
629
677
678
679
683
714
726
732
733
807
808
809
815
817
818
819
822
823
824
825
826
827
828
829
830
831
832
833
881
887
888
895
916
917
918
919
922
923
928
932
986
989
993
995
999
1000
1004
1007
1008
1011
1012
1121
1126
1128
1129
1134
205
206
207
558
590
591
592
596
600
626
627
628
629
677
678
679
683
714
726
732
733
807
808
809
815
817
818
819
822
823
824
825
826
827
828
829
830
831
832
833
881
887
888
895
916
917
918
919
922
923
928
932
986
989
993
995
999
1000
1004
1007
1008
1011
1012
1121
1126
1128
1129
1134
1135
1157
1158
1163
205
206
207
558
590
591
592
596
600
626
627
628
629
677
678
679
683
714
726
732
733
807
808
809
815
817
818
819
822
823
824
825
826
827
828
829
830
831
832
833
881
887
888
895
916
917
918
919
922
923
928
932
986
989
993
995
999
1000
1004
1007
1008
1011
1012
1121
1126
1128
1129
1134
1135
1157
1158
1163
1164
1166
1167
1168
205
206
207
558
590
591
592
596
600
626
627
628
629
677
678
679
683
714
726
732
733
807
808
809
815
817
818
819
822
823
824
825
826
827
828
829
830
831
832
833
881
887
888
895
916
917
918
919
922
923
928
932
986
989
993
995
999
1000
1004
1007
1008
1011
1012
1121
1126
1128
1129
1134
1135
1157
1158
1163
1164
1166
1167
1168
1169
1170
1175
1176
205
206
207
558
590
591
592
596
600
626
627
628
629
677
678
679
683
714
726
732
733
807
808
809
815
817
818
819
822
823
824
825
826
827
828
829
830
831
832
833
881
887
888
895
916
917
918
919
922
923
928
932
986
989
993
995
999
1000
1004
1007
1008
1011
1012
1121
1126
1128
1129
1134
1135
1157
1158
1163
1164
1166
1167
1168
1169
1170
1175
1176
1180
1183
1184
1186
205
206
207
558
590
591
592
596
600
626
627
628
629
677
678
679
683
714
726
732
733
807
808
809
815
817
818
819
822
823
824
825
826
827
828
829
830
831
832
833
881
887
888
895
916
917
918
919
922
923
928
932
986
989
993
995
999
1000
1004
1007
1008
1011
1012
1121
1126
1128
1129
1134
1135
1157
1158
1163
1164
1166
1167
1168
1169
1170
1175
1176
1180
1183
1184
1186
1203
1204
1205
1206
205
206
207
558
590
591
592
596
600
626
627
628
629
677
678
679
683
714
726
732
733
807
808
809
815
817
818
819
822
823
824
825
826
827
828
829
830
831
832
833
881
887
888
895
916
917
918
919
922
923
928
932
986
989
993
995
999
1000
1004
1007
1008
1011
1012
1121
1126
1128
1129
1134
1135
1157
1158
1163
1164
1166
1167
1168
1169
1170
1175
1176
1180
1183
1184
1186
1203
1204
1205
1206
1208
1213
1216
1221
205
206
207
558
590
591
592
596
600
626
627
628
629
677
678
679
683
714
726
732
733
807
808
809
815
817
818
819
822
823
824
825
826
827
828
829
830
831
832
833
881
887
888
895
916
917
918
919
922
923
928
932
986
989
993
995
999
1000
1004
1007
1008
1011
1012
1121
1126
1128
1129
1134
1135
1157
1158
1163
1164
1166
1167
1168
1169
1170
1175
1176
1180
1183
1184
1186
1203
1204
1205
1206
1208
1213
1216
1221
1222
1225
1228
1229
205
206
207
558
590
591
592
596
600
626
627
628
629
677
678
679
683
714
726
732
733
807
808
809
815
817
818
819
822
823
824
825
826
827
828
829
830
831
832
833
881
887
888
895
916
917
918
919
922
923
928
932
986
989
993
995
999
1000
1004
1007
1008
1011
1012
1121
1126
1128
1129
1134
1135
1157
1158
1163
1164
1166
1167
1168
1169
1170
1175
1176
1180
1183
1184
1186
1203
1204
1205
1206
1208
1213
1216
1221
1222
1225
1228
1229
1230
1231
1247
1249
205
206
207
558
590
591
592
596
600
626
627
628
629
677
678
679
683
714
726
732
733
807
808
809
815
817
818
819
822
823
824
825
826
827
828
829
830
831
832
833
881
887
888
895
916
917
918
919
922
923
928
932
986
989
993
995
999
1000
1004
1007
1008
1011
1012
1121
1126
1128
1129
1134
1135
1157
1158
1163
1164
1166
1167
1168
1169
1170
1175
1176
1180
1183
1184
1186
1203
1204
1205
1206
1208
1213
1216
1221
1222
1225
1228
1229
1230
1231
1247
1249
1254
1257
1259
1263
205
206
207
558
590
591
592
596
600
626
627
628
629
677
678
679
683
714
726
732
733
807
808
809
815
817
818
819
822
823
824
825
826
827
828
829
830
831
832
833
881
887
888
895
916
917
918
919
922
923
928
932
986
989
993
995
999
1000
1004
1007
1008
1011
1012
1121
1126
1128
1129
1134
1135
1157
1158
1163
1164
1166
1167
1168
1169
1170
1175
1176
1180
1183
1184
1186
1203
1204
1205
1206
1208
1213
1216
1221
1222
1225
1228
1229
1230
1231
1247
1249
1254
1257
1259
1263
1267
1268
1269
1351
205
206
207
558
590
591
592
596
600
626
627
628
629
677
678
679
683
714
726
732
733
807
808
809
815
817
818
819
822
823
824
825
826
827
828
829
830
831
832
833
881
887
888
895
916
917
918
919
922
923
928
932
986
989
993
995
999
1000
1004
1007
1008
1011
1012
1121
1126
1128
1129
1134
1135
1157
1158
1163
1164
1166
1167
1168
1169
1170
1175
1176
1180
1183
1184
1186
1203
1204
1205
1206
1208
1213
1216
1221
1222
1225
1228
1229
1230
1231
1247
1249
1254
1257
1259
1263
1267
1268
1269
1351
1355
1356
1358
1360
205
206
207
558
590
591
592
596
600
626
627
628
629
677
678
679
683
714
726
732
733
807
808
809
815
817
818
819
822
823
824
825
826
827
828
829
830
831
832
833
881
887
888
895
916
917
918
919
922
923
928
932
986
989
993
995
999
1000
1004
1007
1008
1011
1012
1121
1126
1128
1129
1134
1135
1157
1158
1163
1164
1166
1167
1168
1169
1170
1175
1176
1180
1183
1184
1186
1203
1204
1205
1206
1208
1213
1216
1221
1222
1225
1228
1229
1230
1231
1247
1249
1254
1257
1259
1263
1267
1268
1269
1351
1355
1356
1358
1360
1368
1376
1390
1394
205
206
207
558
590
591
592
596
600
626
627
628
629
677
678
679
683
714
726
732
733
807
808
809
815
817
818
819
822
823
824
825
826
827
828
829
830
831
832
833
881
887
888
895
916
917
918
919
922
923
928
932
986
989
993
995
999
1000
1004
1007
1008
1011
1012
1121
1126
1128
1129
1134
1135
1157
1158
1163
1164
1166
1167
1168
1169
1170
1175
1176
1180
1183
1184
1186
1203
1204
1205
1206
1208
1213
1216
1221
1222
1225
1228
1229
1230
1231
1247
1249
1254
1257
1259
1263
1267
1268
1269
1351
1355
1356
1358
1360
1368
1376
1390
1394
1400
1445
1449
1457
205
206
207
558
590
591
592
596
600
626
627
628
629
677
678
679
683
714
726
732
733
807
808
809
815
817
818
819
822
823
824
825
826
827
828
829
830
831
832
833
881
887
888
895
916
917
918
919
922
923
928
932
986
989
993
995
999
1000
1004
1007
1008
1011
1012
1121
1126
1128
1129
1134
1135
1157
1158
1163
1164
1166
1167
1168
1169
1170
1175
1176
1180
1183
1184
1186
1203
1204
1205
1206
1208
1213
1216
1221
1222
1225
1228
1229
1230
1231
1247
1249
1254
1257
1259
1263
1267
1268
1269
1351
1355
1356
1358
1360
1368
1376
1390
1394
1400
1445
1449
1457
1467
1476
1486
1494
205
206
207
558
590
591
592
596
600
626
627
628
629
677
678
679
683
714
726
732
733
807
808
809
815
817
818
819
822
823
824
825
826
827
828
829
830
831
832
833
881
887
888
895
916
917
918
919
922
923
928
932
986
989
993
995
999
1000
1004
1007
1008
1011
1012
1121
1126
1128
1129
1134
1135
1157
1158
1163
1164
1166
1167
1168
1169
1170
1175
1176
1180
1183
1184
1186
1203
1204
1205
1206
1208
1213
1216
1221
1222
1225
1228
1229
1230
1231
1247
1249
1254
1257
1259
1263
1267
1268
1269
1351
1355
1356
1358
1360
1368
1376
1390
1394
1400
1445
1449
1457
1467
1476
1486
1494
1500
1502
1553
1563
205
206
207
558
590
591
592
596
600
626
627
628
629
677
678
679
683
714
726
732
733
807
808
809
815
817
818
819
822
823
824
825
826
827
828
829
830
831
832
833
881
887
888
895
916
917
918
919
922
923
928
932
986
989
993
995
999
1000
1004
1007
1008
1011
1012
1121
1126
1128
1129
1134
1135
1157
1158
1163
1164
1166
1167
1168
1169
1170
1175
1176
1180
1183
1184
1186
1203
1204
1205
1206
1208
1213
1216
1221
1222
1225
1228
1229
1230
1231
1247
1249
1254
1257
1259
1263
1267
1268
1269
1351
1355
1356
1358
1360
1368
1376
1390
1394
1400
1445
1449
1457
1467
1476
1486
1494
1500
1502
1553
1563
1572
1582
1591
1656
205
206
207
558
590
591
592
596
600
626
627
628
629
677
678
679
683
714
726
732
733
807
808
809
815
817
818
819
822
823
824
825
826
827
828
829
830
831
832
833
881
887
888
895
916
917
918
919
922
923
928
932
986
989
993
995
999
1000
1004
1007
1008
1011
1012
1121
1126
1128
1129
1134
1135
1157
1158
1163
1164
1166
1167
1168
1169
1170
1175
1176
1180
1183
1184
1186
1203
1204
1205
1206
1208
1213
1216
1221
1222
1225
1228
1229
1230
1231
1247
1249
1254
1257
1259
1263
1267
1268
1269
1351
1355
1356
1358
1360
1368
1376
1390
1394
1400
1445
1449
1457
1467
1476
1486
1494
1500
1502
1553
1563
1572
1582
1591
1656
1661
1671
1681
1688
205
206
207
558
590
591
592
596
600
626
627
628
629
677
678
679
683
714
726
732
733
807
808
809
815
817
818
819
822
823
824
825
826
827
828
829
830
831
832
833
881
887
888
895
916
917
918
919
922
923
928
932
986
989
993
995
999
1000
1004
1007
1008
1011
1012
1121
1126
1128
1129
1134
1135
1157
1158
1163
1164
1166
1167
1168
1169
1170
1175
1176
1180
1183
1184
1186
1203
1204
1205
1206
1208
1213
1216
1221
1222
1225
1228
1229
1230
1231
1247
1249
1254
1257
1259
1263
1267
1268
1269
1351
1355
1356
1358
1360
1368
1376
1390
1394
1400
1445
1449
1457
1467
1476
1486
1494
1500
1502
1553
1563
1572
1582
1591
1656
1661
1671
1681
1688
1709
1713
1714
1715
205
206
207
558
590
591
592
596
600
626
627
628
629
677
678
679
683
714
726
732
733
807
808
809
815
817
818
819
822
823
824
825
826
827
828
829
830
831
832
833
881
887
888
895
916
917
918
919
922
923
928
932
986
989
993
995
999
1000
1004
1007
1008
1011
1012
1121
1126
1128
1129
1134
1135
1157
1158
1163
1164
1166
1167
1168
1169
1170
1175
1176
1180
1183
1184
1186
1203
1204
1205
1206
1208
1213
1216
1221
1222
1225
1228
1229
1230
1231
1247
1249
1254
1257
1259
1263
1267
1268
1269
1351
1355
1356
1358
1360
1368
1376
1390
1394
1400
1445
1449
1457
1467
1476
1486
1494
1500
1502
1553
1563
1572
1582
1591
1656
1661
1671
1681
1688
1709
1713
1714
1715
1716
1717
1813
1854
205
206
207
558
590
591
592
596
600
626
627
628
629
677
678
679
683
714
726
732
733
807
808
809
815
817
818
819
822
823
824
825
826
827
828
829
830
831
832
833
881
887
888
895
916
917
918
919
922
923
928
932
986
989
993
995
999
1000
1004
1007
1008
1011
1012
1121
1126
1128
1129
1134
1135
1157
1158
1163
1164
1166
1167
1168
1169
1170
1175
1176
1180
1183
1184
1186
1203
1204
1205
1206
1208
1213
1216
1221
1222
1225
1228
1229
1230
1231
1247
1249
1254
1257
1259
1263
1267
1268
1269
1351
1355
1356
1358
1360
1368
1376
1390
1394
1400
1445
1449
1457
1467
1476
1486
1494
1500
1502
1553
1563
1572
1582
1591
1656
1661
1671
1681
1688
1709
1713
1714
1715
1716
1717
1813
1854
1870
2315
2316
2317
205
206
207
558
590
591
592
596
600
626
627
628
629
677
678
679
683
714
726
732
733
807
808
809
815
817
818
819
822
823
824
825
826
827
828
829
830
831
832
833
881
887
888
895
916
917
918
919
922
923
928
932
986
989
993
995
999
1000
1004
1007
1008
1011
1012
1121
1126
1128
1129
1134
1135
1157
1158
1163
1164
1166
1167
1168
1169
1170
1175
1176
1180
1183
1184
1186
1203
1204
1205
1206
1208
1213
1216
1221
1222
1225
1228
1229
1230
1231
1247
1249
1254
1257
1259
1263
1267
1268
1269
1351
1355
1356
1358
1360
1368
1376
1390
1394
1400
1445
1449
1457
1467
1476
1486
1494
1500
1502
1553
1563
1572
1582
1591
1656
1661
1671
1681
1688
1709
1713
1714
1715
1716
1717
1813
1854
1870
2315
2316
2317
2318
2319
2320
2322
205
206
207
558
590
591
592
596
600
626
627
628
629
677
678
679
683
714
726
732
733
807
808
809
815
817
818
819
822
823
824
825
826
827
828
829
830
831
832
833
881
887
888
895
916
917
918
919
922
923
928
932
986
989
993
995
999
1000
1004
1007
1008
1011
1012
1121
1126
1128
1129
1134
1135
1157
1158
1163
1164
1166
1167
1168
1169
1170
1175
1176
1180
1183
1184
1186
1203
1204
1205
1206
1208
1213
1216
1221
1222
1225
1228
1229
1230
1231
1247
1249
1254
1257
1259
1263
1267
1268
1269
1351
1355
1356
1358
1360
1368
1376
1390
1394
1400
1445
1449
1457
1467
1476
1486
1494
1500
1502
1553
1563
1572
1582
1591
1656
1661
1671
1681
1688
1709
1713
1714
1715
1716
1717
1813
1854
1870
2315
2316
2317
2318
2319
2320
2322
2328
2367
2368
2380
205
206
207
558
590
591
592
596
600
626
627
628
629
677
678
679
683
714
726
732
733
807
808
809
815
817
818
819
822
823
824
825
826
827
828
829
830
831
832
833
881
887
888
895
916
917
918
919
922
923
928
932
986
989
993
995
999
1000
1004
1007
1008
1011
1012
1121
1126
1128
1129
1134
1135
1157
1158
1163
1164
1166
1167
1168
1169
1170
1175
1176
1180
1183
1184
1186
1203
1204
1205
1206
1208
1213
1216
1221
1222
1225
1228
1229
1230
1231
1247
1249
1254
1257
1259
1263
1267
1268
1269
1351
1355
1356
1358
1360
1368
1376
1390
1394
1400
1445
1449
1457
1467
1476
1486
1494
1500
1502
1553
1563
1572
1582
1591
1656
1661
1671
1681
1688
1709
1713
1714
1715
1716
1717
1813
1854
1870
2315
2316
2317
2318
2319
2320
2322
2328
2367
2368
2380
2381
2382
2387
2396
205
206
207
558
590
591
592
596
600
626
627
628
629
677
678
679
683
714
726
732
733
807
808
809
815
817
818
819
822
823
824
825
826
827
828
829
830
831
832
833
881
887
888
895
916
917
918
919
922
923
928
932
986
989
993
995
999
1000
1004
1007
1008
1011
1012
1121
1126
1128
1129
1134
1135
1157
1158
1163
1164
1166
1167
1168
1169
1170
1175
1176
1180
1183
1184
1186
1203
1204
1205
1206
1208
1213
1216
1221
1222
1225
1228
1229
1230
1231
1247
1249
1254
1257
1259
1263
1267
1268
1269
1351
1355
1356
1358
1360
1368
1376
1390
1394
1400
1445
1449
1457
1467
1476
1486
1494
1500
1502
1553
1563
1572
1582
1591
1656
1661
1671
1681
1688
1709
1713
1714
1715
1716
1717
1813
1854
1870
2315
2316
2317
2318
2319
2320
2322
2328
2367
2368
2380
2381
2382
2387
2396
2405
2549
2550
2551
205
206
207
558
590
591
592
596
600
626
627
628
629
677
678
679
683
714
726
732
733
807
808
809
815
817
818
819
822
823
824
825
826
827
828
829
830
831
832
833
881
887
888
895
916
917
918
919
922
923
928
932
986
989
993
995
999
1000
1004
1007
1008
1011
1012
1121
1126
1128
1129
1134
1135
1157
1158
1163
1164
1166
1167
1168
1169
1170
1175
1176
1180
1183
1184
1186
1203
1204
1205
1206
1208
1213
1216
1221
1222
1225
1228
1229
1230
1231
1247
1249
1254
1257
1259
1263
1267
1268
1269
1351
1355
1356
1358
1360
1368
1376
1390
1394
1400
1445
1449
1457
1467
1476
1486
1494
1500
1502
1553
1563
1572
1582
1591
1656
1661
1671
1681
1688
1709
1713
1714
1715
1716
1717
1813
1854
1870
2315
2316
2317
2318
2319
2320
2322
2328
2367
2368
2380
2381
2382
2387
2396
2405
2549
2550
2551
2561
2566
2574
2579
205
206
207
558
590
591
592
596
600
626
627
628
629
677
678
679
683
714
726
732
733
807
808
809
815
817
818
819
822
823
824
825
826
827
828
829
830
831
832
833
881
887
888
895
916
917
918
919
922
923
928
932
986
989
993
995
999
1000
1004
1007
1008
1011
1012
1121
1126
1128
1129
1134
1135
1157
1158
1163
1164
1166
1167
1168
1169
1170
1175
1176
1180
1183
1184
1186
1203
1204
1205
1206
1208
1213
1216
1221
1222
1225
1228
1229
1230
1231
1247
1249
1254
1257
1259
1263
1267
1268
1269
1351
1355
1356
1358
1360
1368
1376
1390
1394
1400
1445
1449
1457
1467
1476
1486
1494
1500
1502
1553
1563
1572
1582
1591
1656
1661
1671
1681
1688
1709
1713
1714
1715
1716
1717
1813
1854
1870
2315
2316
2317
2318
2319
2320
2322
2328
2367
2368
2380
2381
2382
2387
2396
2405
2549
2550
2551
2561
2566
2574
2579
2581
2582
2583
2585
205
206
207
558
590
591
592
596
600
626
627
628
629
677
678
679
683
714
726
732
733
807
808
809
815
817
818
819
822
823
824
825
826
827
828
829
830
831
832
833
881
887
888
895
916
917
918
919
922
923
928
932
986
989
993
995
999
1000
1004
1007
1008
1011
1012
1121
1126
1128
1129
1134
1135
1157
1158
1163
1164
1166
1167
1168
1169
1170
1175
1176
1180
1183
1184
1186
1203
1204
1205
1206
1208
1213
1216
1221
1222
1225
1228
1229
1230
1231
1247
1249
1254
1257
1259
1263
1267
1268
1269
1351
1355
1356
1358
1360
1368
1376
1390
1394
1400
1445
1449
1457
1467
1476
1486
1494
1500
1502
1553
1563
1572
1582
1591
1656
1661
1671
1681
1688
1709
1713
1714
1715
1716
1717
1813
1854
1870
2315
2316
2317
2318
2319
2320
2322
2328
2367
2368
2380
2381
2382
2387
2396
2405
2549
2550
2551
2561
2566
2574
2579
2581
2582
2583
2585
2613
2616
2622
2627
205
206
207
558
590
591
592
596
600
626
627
628
629
677
678
679
683
714
726
732
733
807
808
809
815
817
818
819
822
823
824
825
826
827
828
829
830
831
832
833
881
887
888
895
916
917
918
919
922
923
928
932
986
989
993
995
999
1000
1004
1007
1008
1011
1012
1121
1126
1128
1129
1134
1135
1157
1158
1163
1164
1166
1167
1168
1169
1170
1175
1176
1180
1183
1184
1186
1203
1204
1205
1206
1208
1213
1216
1221
1222
1225
1228
1229
1230
1231
1247
1249
1254
1257
1259
1263
1267
1268
1269
1351
1355
1356
1358
1360
1368
1376
1390
1394
1400
1445
1449
1457
1467
1476
1486
1494
1500
1502
1553
1563
1572
1582
1591
1656
1661
1671
1681
1688
1709
1713
1714
1715
1716
1717
1813
1854
1870
2315
2316
2317
2318
2319
2320
2322
2328
2367
2368
2380
2381
2382
2387
2396
2405
2549
2550
2551
2561
2566
2574
2579
2581
2582
2583
2585
2613
2616
2622
2627
2628
2632
2636
2639
205
206
207
558
590
591
592
596
600
626
627
628
629
677
678
679
683
714
726
732
733
807
808
809
815
817
818
819
822
823
824
825
826
827
828
829
830
831
832
833
881
887
888
895
916
917
918
919
922
923
928
932
986
989
993
995
999
1000
1004
1007
1008
1011
1012
1121
1126
1128
1129
1134
1135
1157
1158
1163
1164
1166
1167
1168
1169
1170
1175
1176
1180
1183
1184
1186
1203
1204
1205
1206
1208
1213
1216
1221
1222
1225
1228
1229
1230
1231
1247
1249
1254
1257
1259
1263
1267
1268
1269
1351
1355
1356
1358
1360
1368
1376
1390
1394
1400
1445
1449
1457
1467
1476
1486
1494
1500
1502
1553
1563
1572
1582
1591
1656
1661
1671
1681
1688
1709
1713
1714
1715
1716
1717
1813
1854
1870
2315
2316
2317
2318
2319
2320
2322
2328
2367
2368
2380
2381
2382
2387
2396
2405
2549
2550
2551
2561
2566
2574
2579
2581
2582
2583
2585
2613
2616
2622
2627
2628
2632
2636
2639
2642
2643
2646
2810
205
206
207
558
590
591
592
596
600
626
627
628
629
677
678
679
683
714
726
732
733
807
808
809
815
817
818
819
822
823
824
825
826
827
828
829
830
831
832
833
881
887
888
895
916
917
918
919
922
923
928
932
986
989
993
995
999
1000
1004
1007
1008
1011
1012
1121
1126
1128
1129
1134
1135
1157
1158
1163
1164
1166
1167
1168
1169
1170
1175
1176
1180
1183
1184
1186
1203
1204
1205
1206
1208
1213
1216
1221
1222
1225
1228
1229
1230
1231
1247
1249
1254
1257
1259
1263
1267
1268
1269
1351
1355
1356
1358
1360
1368
1376
1390
1394
1400
1445
1449
1457
1467
1476
1486
1494
1500
1502
1553
1563
1572
1582
1591
1656
1661
1671
1681
1688
1709
1713
1714
1715
1716
1717
1813
1854
1870
2315
2316
2317
2318
2319
2320
2322
2328
2367
2368
2380
2381
2382
2387
2396
2405
2549
2550
2551
2561
2566
2574
2579
2581
2582
2583
2585
2613
2616
2622
2627
2628
2632
2636
2639
2642
2643
2646
2810
2831
2833
2862
3422
205
206
207
558
590
591
592
596
600
626
627
628
629
677
678
679
683
714
726
732
733
807
808
809
815
817
818
819
822
823
824
825
826
827
828
829
830
831
832
833
881
887
888
895
916
917
918
919
922
923
928
932
986
989
993
995
999
1000
1004
1007
1008
1011
1012
1121
1126
1128
1129
1134
1135
1157
1158
1163
1164
1166
1167
1168
1169
1170
1175
1176
1180
1183
1184
1186
1203
1204
1205
1206
1208
1213
1216
1221
1222
1225
1228
1229
1230
1231
1247
1249
1254
1257
1259
1263
1267
1268
1269
1351
1355
1356
1358
1360
1368
1376
1390
1394
1400
1445
1449
1457
1467
1476
1486
1494
1500
1502
1553
1563
1572
1582
1591
1656
1661
1671
1681
1688
1709
1713
1714
1715
1716
1717
1813
1854
1870
2315
2316
2317
2318
2319
2320
2322
2328
2367
2368
2380
2381
2382
2387
2396
2405
2549
2550
2551
2561
2566
2574
2579
2581
2582
2583
2585
2613
2616
2622
2627
2628
2632
2636
2639
2642
2643
2646
2810
2831
2833
2862
3422
3453
3480
3498
3528
205
206
207
558
590
591
592
596
600
626
627
628
629
677
678
679
683
714
726
732
733
807
808
809
815
817
818
819
822
823
824
825
826
827
828
829
830
831
832
833
881
887
888
895
916
917
918
919
922
923
928
932
986
989
993
995
999
1000
1004
1007
1008
1011
1012
1121
1126
1128
1129
1134
1135
1157
1158
1163
1164
1166
1167
1168
1169
1170
1175
1176
1180
1183
1184
1186
1203
1204
1205
1206
1208
1213
1216
1221
1222
1225
1228
1229
1230
1231
1247
1249
1254
1257
1259
1263
1267
1268
1269
1351
1355
1356
1358
1360
1368
1376
1390
1394
1400
1445
1449
1457
1467
1476
1486
1494
1500
1502
1553
1563
1572
1582
1591
1656
1661
1671
1681
1688
1709
1713
1714
1715
1716
1717
1813
1854
1870
2315
2316
2317
2318
2319
2320
2322
2328
2367
2368
2380
2381
2382
2387
2396
2405
2549
2550
2551
2561
2566
2574
2579
2581
2582
2583
2585
2613
2616
2622
2627
2628
2632
2636
2639
2642
2643
2646
2810
2831
2833
2862
3422
3453
3480
3498
3528
3558
3573
3574
3589
205
206
207
558
590
591
592
596
600
626
627
628
629
677
678
679
683
714
726
732
733
807
808
809
815
817
818
819
822
823
824
825
826
827
828
829
830
831
832
833
881
887
888
895
916
917
918
919
922
923
928
932
986
989
993
995
999
1000
1004
1007
1008
1011
1012
1121
1126
1128
1129
1134
1135
1157
1158
1163
1164
1166
1167
1168
1169
1170
1175
1176
1180
1183
1184
1186
1203
1204
1205
1206
1208
1213
1216
1221
1222
1225
1228
1229
1230
1231
1247
1249
1254
1257
1259
1263
1267
1268
1269
1351
1355
1356
1358
1360
1368
1376
1390
1394
1400
1445
1449
1457
1467
1476
1486
1494
1500
1502
1553
1563
1572
1582
1591
1656
1661
1671
1681
1688
1709
1713
1714
1715
1716
1717
1813
1854
1870
2315
2316
2317
2318
2319
2320
2322
2328
2367
2368
2380
2381
2382
2387
2396
2405
2549
2550
2551
2561
2566
2574
2579
2581
2582
2583
2585
2613
2616
2622
2627
2628
2632
2636
2639
2642
2643
2646
2810
2831
2833
2862
3422
3453
3480
3498
3528
3558
3573
3574
3589
3604
3749
3754
3771
205
206
207
558
590
591
592
596
600
626
627
628
629
677
678
679
683
714
726
732
733
807
808
809
815
817
818
819
822
823
824
825
826
827
828
829
830
831
832
833
881
887
888
895
916
917
918
919
922
923
928
932
986
989
993
995
999
1000
1004
1007
1008
1011
1012
1121
1126
1128
1129
1134
1135
1157
1158
1163
1164
1166
1167
1168
1169
1170
1175
1176
1180
1183
1184
1186
1203
1204
1205
1206
1208
1213
1216
1221
1222
1225
1228
1229
1230
1231
1247
1249
1254
1257
1259
1263
1267
1268
1269
1351
1355
1356
1358
1360
1368
1376
1390
1394
1400
1445
1449
1457
1467
1476
1486
1494
1500
1502
1553
1563
1572
1582
1591
1656
1661
1671
1681
1688
1709
1713
1714
1715
1716
1717
1813
1854
1870
2315
2316
2317
2318
2319
2320
2322
2328
2367
2368
2380
2381
2382
2387
2396
2405
2549
2550
2551
2561
2566
2574
2579
2581
2582
2583
2585
2613
2616
2622
2627
2628
2632
2636
2639
2642
2643
2646
2810
2831
2833
2862
3422
3453
3480
3498
3528
3558
3573
3574
3589
3604
3749
3754
3771
3783
3801
3810
3840
205
206
207
558
590
591
592
596
600
626
627
628
629
677
678
679
683
714
726
732
733
807
808
809
815
817
818
819
822
823
824
825
826
827
828
829
830
831
832
833
881
887
888
895
916
917
918
919
922
923
928
932
986
989
993
995
999
1000
1004
1007
1008
1011
1012
1121
1126
1128
1129
1134
1135
1157
1158
1163
1164
1166
1167
1168
1169
1170
1175
1176
1180
1183
1184
1186
1203
1204
1205
1206
1208
1213
1216
1221
1222
1225
1228
1229
1230
1231
1247
1249
1254
1257
1259
1263
1267
1268
1269
1351
1355
1356
1358
1360
1368
1376
1390
1394
1400
1445
1449
1457
1467
1476
1486
1494
1500
1502
1553
1563
1572
1582
1591
1656
1661
1671
1681
1688
1709
1713
1714
1715
1716
1717
1813
1854
1870
2315
2316
2317
2318
2319
2320
2322
2328
2367
2368
2380
2381
2382
2387
2396
2405
2549
2550
2551
2561
2566
2574
2579
2581
2582
2583
2585
2613
2616
2622
2627
2628
2632
2636
2639
2642
2643
2646
2810
2831
2833
2862
3422
3453
3480
3498
3528
3558
3573
3574
3589
3604
3749
3754
3771
3783
3801
3810
3840
3854
3885
3900
3901
205
206
207
558
590
591
592
596
600
626
627
628
629
677
678
679
683
714
726
732
733
807
808
809
815
817
818
819
822
823
824
825
826
827
828
829
830
831
832
833
881
887
888
895
916
917
918
919
922
923
928
932
986
989
993
995
999
1000
1004
1007
1008
1011
1012
1121
1126
1128
1129
1134
1135
1157
1158
1163
1164
1166
1167
1168
1169
1170
1175
1176
1180
1183
1184
1186
1203
1204
1205
1206
1208
1213
1216
1221
1222
1225
1228
1229
1230
1231
1247
1249
1254
1257
1259
1263
1267
1268
1269
1351
1355
1356
1358
1360
1368
1376
1390
1394
1400
1445
1449
1457
1467
1476
1486
1494
1500
1502
1553
1563
1572
1582
1591
1656
1661
1671
1681
1688
1709
1713
1714
1715
1716
1717
1813
1854
1870
2315
2316
2317
2318
2319
2320
2322
2328
2367
2368
2380
2381
2382
2387
2396
2405
2549
2550
2551
2561
2566
2574
2579
2581
2582
2583
2585
2613
2616
2622
2627
2628
2632
2636
2639
2642
2643
2646
2810
2831
2833
2862
3422
3453
3480
3498
3528
3558
3573
3574
3589
3604
3749
3754
3771
3783
3801
3810
3840
3854
3885
3900
3901
3915
4399
4430
4526
205
206
207
558
590
591
592
596
600
626
627
628
629
677
678
679
683
714
726
732
733
807
808
809
815
817
818
819
822
823
824
825
826
827
828
829
830
831
832
833
881
887
888
895
916
917
918
919
922
923
928
932
986
989
993
995
999
1000
1004
1007
1008
1011
1012
1121
1126
1128
1129
1134
1135
1157
1158
1163
1164
1166
1167
1168
1169
1170
1175
1176
1180
1183
1184
1186
1203
1204
1205
1206
1208
1213
1216
1221
1222
1225
1228
1229
1230
1231
1247
1249
1254
1257
1259
1263
1267
1268
1269
1351
1355
1356
1358
1360
1368
1376
1390
1394
1400
1445
1449
1457
1467
1476
1486
1494
1500
1502
1553
1563
1572
1582
1591
1656
1661
1671
1681
1688
1709
1713
1714
1715
1716
1717
1813
1854
1870
2315
2316
2317
2318
2319
2320
2322
2328
2367
2368
2380
2381
2382
2387
2396
2405
2549
2550
2551
2561
2566
2574
2579
2581
2582
2583
2585
2613
2616
2622
2627
2628
2632
2636
2639
2642
2643
2646
2810
2831
2833
2862
3422
3453
3480
3498
3528
3558
3573
3574
3589
3604
3749
3754
3771
3783
3801
3810
3840
3854
3885
3900
3901
3915
4399
4430
4526
4671
4672
4674
4675
205
206
207
558
590
591
592
596
600
626
627
628
629
677
678
679
683
714
726
732
733
807
808
809
815
817
818
819
822
823
824
825
826
827
828
829
830
831
832
833
881
887
888
895
916
917
918
919
922
923
928
932
986
989
993
995
999
1000
1004
1007
1008
1011
1012
1121
1126
1128
1129
1134
1135
1157
1158
1163
1164
1166
1167
1168
1169
1170
1175
1176
1180
1183
1184
1186
1203
1204
1205
1206
1208
1213
1216
1221
1222
1225
1228
1229
1230
1231
1247
1249
1254
1257
1259
1263
1267
1268
1269
1351
1355
1356
1358
1360
1368
1376
1390
1394
1400
1445
1449
1457
1467
1476
1486
1494
1500
1502
1553
1563
1572
1582
1591
1656
1661
1671
1681
1688
1709
1713
1714
1715
1716
1717
1813
1854
1870
2315
2316
2317
2318
2319
2320
2322
2328
2367
2368
2380
2381
2382
2387
2396
2405
2549
2550
2551
2561
2566
2574
2579
2581
2582
2583
2585
2613
2616
2622
2627
2628
2632
2636
2639
2642
2643
2646
2810
2831
2833
2862
3422
3453
3480
3498
3528
3558
3573
3574
3589
3604
3749
3754
3771
3783
3801
3810
3840
3854
3885
3900
3901
3915
4399
4430
4526
4671
4672
4674
4675
4676
4709
4715
4740
205
206
207
558
590
591
592
596
600
626
627
628
629
677
678
679
683
714
726
732
733
807
808
809
815
817
818
819
822
823
824
825
826
827
828
829
830
831
832
833
881
887
888
895
916
917
918
919
922
923
928
932
986
989
993
995
999
1000
1004
1007
1008
1011
1012
1121
1126
1128
1129
1134
1135
1157
1158
1163
1164
1166
1167
1168
1169
1170
1175
1176
1180
1183
1184
1186
1203
1204
1205
1206
1208
1213
1216
1221
1222
1225
1228
1229
1230
1231
1247
1249
1254
1257
1259
1263
1267
1268
1269
1351
1355
1356
1358
1360
1368
1376
1390
1394
1400
1445
1449
1457
1467
1476
1486
1494
1500
1502
1553
1563
1572
1582
1591
1656
1661
1671
1681
1688
1709
1713
1714
1715
1716
1717
1813
1854
1870
2315
2316
2317
2318
2319
2320
2322
2328
2367
2368
2380
2381
2382
2387
2396
2405
2549
2550
2551
2561
2566
2574
2579
2581
2582
2583
2585
2613
2616
2622
2627
2628
2632
2636
2639
2642
2643
2646
2810
2831
2833
2862
3422
3453
3480
3498
3528
3558
3573
3574
3589
3604
3749
3754
3771
3783
3801
3810
3840
3854
3885
3900
3901
3915
4399
4430
4526
4671
4672
4674
4675
4676
4709
4715
4740
4741
4742
4743
4744
205
206
207
558
590
591
592
596
600
626
627
628
629
677
678
679
683
714
726
732
733
807
808
809
815
817
818
819
822
823
824
825
826
827
828
829
830
831
832
833
881
887
888
895
916
917
918
919
922
923
928
932
986
989
993
995
999
1000
1004
1007
1008
1011
1012
1121
1126
1128
1129
1134
1135
1157
1158
1163
1164
1166
1167
1168
1169
1170
1175
1176
1180
1183
1184
1186
1203
1204
1205
1206
1208
1213
1216
1221
1222
1225
1228
1229
1230
1231
1247
1249
1254
1257
1259
1263
1267
1268
1269
1351
1355
1356
1358
1360
1368
1376
1390
1394
1400
1445
1449
1457
1467
1476
1486
1494
1500
1502
1553
1563
1572
1582
1591
1656
1661
1671
1681
1688
1709
1713
1714
1715
1716
1717
1813
1854
1870
2315
2316
2317
2318
2319
2320
2322
2328
2367
2368
2380
2381
2382
2387
2396
2405
2549
2550
2551
2561
2566
2574
2579
2581
2582
2583
2585
2613
2616
2622
2627
2628
2632
2636
2639
2642
2643
2646
2810
2831
2833
2862
3422
3453
3480
3498
3528
3558
3573
3574
3589
3604
3749
3754
3771
3783
3801
3810
3840
3854
3885
3900
3901
3915
4399
4430
4526
4671
4672
4674
4675
4676
4709
4715
4740
4741
4742
4743
4744
4751
4775
4776
4778
205
206
207
558
590
591
592
596
600
626
627
628
629
677
678
679
683
714
726
732
733
807
808
809
815
817
818
819
822
823
824
825
826
827
828
829
830
831
832
833
881
887
888
895
916
917
918
919
922
923
928
932
986
989
993
995
999
1000
1004
1007
1008
1011
1012
1121
1126
1128
1129
1134
1135
1157
1158
1163
1164
1166
1167
1168
1169
1170
1175
1176
1180
1183
1184
1186
1203
1204
1205
1206
1208
1213
1216
1221
1222
1225
1228
1229
1230
1231
1247
1249
1254
1257
1259
1263
1267
1268
1269
1351
1355
1356
1358
1360
1368
1376
1390
1394
1400
1445
1449
1457
1467
1476
1486
1494
1500
1502
1553
1563
1572
1582
1591
1656
1661
1671
1681
1688
1709
1713
1714
1715
1716
1717
1813
1854
1870
2315
2316
2317
2318
2319
2320
2322
2328
2367
2368
2380
2381
2382
2387
2396
2405
2549
2550
2551
2561
2566
2574
2579
2581
2582
2583
2585
2613
2616
2622
2627
2628
2632
2636
2639
2642
2643
2646
2810
2831
2833
2862
3422
3453
3480
3498
3528
3558
3573
3574
3589
3604
3749
3754
3771
3783
3801
3810
3840
3854
3885
3900
3901
3915
4399
4430
4526
4671
4672
4674
4675
4676
4709
4715
4740
4741
4742
4743
4744
4751
4775
4776
4778
4796
4810
4811
4835
205
206
207
558
590
591
592
596
600
626
627
628
629
677
678
679
683
714
726
732
733
807
808
809
815
817
818
819
822
823
824
825
826
827
828
829
830
831
832
833
881
887
888
895
916
917
918
919
922
923
928
932
986
989
993
995
999
1000
1004
1007
1008
1011
1012
1121
1126
1128
1129
1134
1135
1157
1158
1163
1164
1166
1167
1168
1169
1170
1175
1176
1180
1183
1184
1186
1203
1204
1205
1206
1208
1213
1216
1221
1222
1225
1228
1229
1230
1231
1247
1249
1254
1257
1259
1263
1267
1268
1269
1351
1355
1356
1358
1360
1368
1376
1390
1394
1400
1445
1449
1457
1467
1476
1486
1494
1500
1502
1553
1563
1572
1582
1591
1656
1661
1671
1681
1688
1709
1713
1714
1715
1716
1717
1813
1854
1870
2315
2316
2317
2318
2319
2320
2322
2328
2367
2368
2380
2381
2382
2387
2396
2405
2549
2550
2551
2561
2566
2574
2579
2581
2582
2583
2585
2613
2616
2622
2627
2628
2632
2636
2639
2642
2643
2646
2810
2831
2833
2862
3422
3453
3480
3498
3528
3558
3573
3574
3589
3604
3749
3754
3771
3783
3801
3810
3840
3854
3885
3900
3901
3915
4399
4430
4526
4671
4672
4674
4675
4676
4709
4715
4740
4741
4742
4743
4744
4751
4775
4776
4778
4796
4810
4811
4835
4837
4880
4920
4929
205
206
207
558
590
591
592
596
600
626
627
628
629
677
678
679
683
714
726
732
733
807
808
809
815
817
818
819
822
823
824
825
826
827
828
829
830
831
832
833
881
887
888
895
916
917
918
919
922
923
928
932
986
989
993
995
999
1000
1004
1007
1008
1011
1012
1121
1126
1128
1129
1134
1135
1157
1158
1163
1164
1166
1167
1168
1169
1170
1175
1176
1180
1183
1184
1186
1203
1204
1205
1206
1208
1213
1216
1221
1222
1225
1228
1229
1230
1231
1247
1249
1254
1257
1259
1263
1267
1268
1269
1351
1355
1356
1358
1360
1368
1376
1390
1394
1400
1445
1449
1457
1467
1476
1486
1494
1500
1502
1553
1563
1572
1582
1591
1656
1661
1671
1681
1688
1709
1713
1714
1715
1716
1717
1813
1854
1870
2315
2316
2317
2318
2319
2320
2322
2328
2367
2368
2380
2381
2382
2387
2396
2405
2549
2550
2551
2561
2566
2574
2579
2581
2582
2583
2585
2613
2616
2622
2627
2628
2632
2636
2639
2642
2643
2646
2810
2831
2833
2862
3422
3453
3480
3498
3528
3558
3573
3574
3589
3604
3749
3754
3771
3783
3801
3810
3840
3854
3885
3900
3901
3915
4399
4430
4526
4671
4672
4674
4675
4676
4709
4715
4740
4741
4742
4743
4744
4751
4775
4776
4778
4796
4810
4811
4835
4837
4880
4920
4929
5279
5957
6216
6313
205
206
207
558
590
591
592
596
600
626
627
628
629
677
678
679
683
714
726
732
733
807
808
809
815
817
818
819
822
823
824
825
826
827
828
829
830
831
832
833
881
887
888
895
916
917
918
919
922
923
928
932
986
989
993
995
999
1000
1004
1007
1008
1011
1012
1121
1126
1128
1129
1134
1135
1157
1158
1163
1164
1166
1167
1168
1169
1170
1175
1176
1180
1183
1184
1186
1203
1204
1205
1206
1208
1213
1216
1221
1222
1225
1228
1229
1230
1231
1247
1249
1254
1257
1259
1263
1267
1268
1269
1351
1355
1356
1358
1360
1368
1376
1390
1394
1400
1445
1449
1457
1467
1476
1486
1494
1500
1502
1553
1563
1572
1582
1591
1656
1661
1671
1681
1688
1709
1713
1714
1715
1716
1717
1813
1854
1870
2315
2316
2317
2318
2319
2320
2322
2328
2367
2368
2380
2381
2382
2387
2396
2405
2549
2550
2551
2561
2566
2574
2579
2581
2582
2583
2585
2613
2616
2622
2627
2628
2632
2636
2639
2642
2643
2646
2810
2831
2833
2862
3422
3453
3480
3498
3528
3558
3573
3574
3589
3604
3749
3754
3771
3783
3801
3810
3840
3854
3885
3900
3901
3915
4399
4430
4526
4671
4672
4674
4675
4676
4709
4715
4740
4741
4742
4743
4744
4751
4775
4776
4778
4796
4810
4811
4835
4837
4880
4920
4929
5279
5957
6216
6313
6668
6812
6848
7142
205
206
207
558
590
591
592
596
600
626
627
628
629
677
678
679
683
714
726
732
733
807
808
809
815
817
818
819
822
823
824
825
826
827
828
829
830
831
832
833
881
887
888
895
916
917
918
919
922
923
928
932
986
989
993
995
999
1000
1004
1007
1008
1011
1012
1121
1126
1128
1129
1134
1135
1157
1158
1163
1164
1166
1167
1168
1169
1170
1175
1176
1180
1183
1184
1186
1203
1204
1205
1206
1208
1213
1216
1221
1222
1225
1228
1229
1230
1231
1247
1249
1254
1257
1259
1263
1267
1268
1269
1351
1355
1356
1358
1360
1368
1376
1390
1394
1400
1445
1449
1457
1467
1476
1486
1494
1500
1502
1553
1563
1572
1582
1591
1656
1661
1671
1681
1688
1709
1713
1714
1715
1716
1717
1813
1854
1870
2315
2316
2317
2318
2319
2320
2322
2328
2367
2368
2380
2381
2382
2387
2396
2405
2549
2550
2551
2561
2566
2574
2579
2581
2582
2583
2585
2613
2616
2622
2627
2628
2632
2636
2639
2642
2643
2646
2810
2831
2833
2862
3422
3453
3480
3498
3528
3558
3573
3574
3589
3604
3749
3754
3771
3783
3801
3810
3840
3854
3885
3900
3901
3915
4399
4430
4526
4671
4672
4674
4675
4676
4709
4715
4740
4741
4742
4743
4744
4751
4775
4776
4778
4796
4810
4811
4835
4837
4880
4920
4929
5279
5957
6216
6313
6668
6812
6848
7142
7204
7235
7240
7272
205
206
207
558
590
591
592
596
600
626
627
628
629
677
678
679
683
714
726
732
733
807
808
809
815
817
818
819
822
823
824
825
826
827
828
829
830
831
832
833
881
887
888
895
916
917
918
919
922
923
928
932
986
989
993
995
999
1000
1004
1007
1008
1011
1012
1121
1126
1128
1129
1134
1135
1157
1158
1163
1164
1166
1167
1168
1169
1170
1175
1176
1180
1183
1184
1186
1203
1204
1205
1206
1208
1213
1216
1221
1222
1225
1228
1229
1230
1231
1247
1249
1254
1257
1259
1263
1267
1268
1269
1351
1355
1356
1358
1360
1368
1376
1390
1394
1400
1445
1449
1457
1467
1476
1486
1494
1500
1502
1553
1563
1572
1582
1591
1656
1661
1671
1681
1688
1709
1713
1714
1715
1716
1717
1813
1854
1870
2315
2316
2317
2318
2319
2320
2322
2328
2367
2368
2380
2381
2382
2387
2396
2405
2549
2550
2551
2561
2566
2574
2579
2581
2582
2583
2585
2613
2616
2622
2627
2628
2632
2636
2639
2642
2643
2646
2810
2831
2833
2862
3422
3453
3480
3498
3528
3558
3573
3574
3589
3604
3749
3754
3771
3783
3801
3810
3840
3854
3885
3900
3901
3915
4399
4430
4526
4671
4672
4674
4675
4676
4709
4715
4740
4741
4742
4743
4744
4751
4775
4776
4778
4796
4810
4811
4835
4837
4880
4920
4929
5279
5957
6216
6313
6668
6812
6848
7142
7204
7235
7240
7272
7277
7280
7298
7307
205
206
207
558
590
591
592
596
600
626
627
628
629
677
678
679
683
714
726
732
733
807
808
809
815
817
818
819
822
823
824
825
826
827
828
829
830
831
832
833
881
887
888
895
916
917
918
919
922
923
928
932
986
989
993
995
999
1000
1004
1007
1008
1011
1012
1121
1126
1128
1129
1134
1135
1157
1158
1163
1164
1166
1167
1168
1169
1170
1175
1176
1180
1183
1184
1186
1203
1204
1205
1206
1208
1213
1216
1221
1222
1225
1228
1229
1230
1231
1247
1249
1254
1257
1259
1263
1267
1268
1269
1351
1355
1356
1358
1360
1368
1376
1390
1394
1400
1445
1449
1457
1467
1476
1486
1494
1500
1502
1553
1563
1572
1582
1591
1656
1661
1671
1681
1688
1709
1713
1714
1715
1716
1717
1813
1854
1870
2315
2316
2317
2318
2319
2320
2322
2328
2367
2368
2380
2381
2382
2387
2396
2405
2549
2550
2551
2561
2566
2574
2579
2581
2582
2583
2585
2613
2616
2622
2627
2628
2632
2636
2639
2642
2643
2646
2810
2831
2833
2862
3422
3453
3480
3498
3528
3558
3573
3574
3589
3604
3749
3754
3771
3783
3801
3810
3840
3854
3885
3900
3901
3915
4399
4430
4526
4671
4672
4674
4675
4676
4709
4715
4740
4741
4742
4743
4744
4751
4775
4776
4778
4796
4810
4811
4835
4837
4880
4920
4929
5279
5957
6216
6313
6668
6812
6848
7142
7204
7235
7240
7272
7277
7280
7298
7307
7332
7415
8271
8640
205
206
207
558
590
591
592
596
600
626
627
628
629
677
678
679
683
714
726
732
733
807
808
809
815
817
818
819
822
823
824
825
826
827
828
829
830
831
832
833
881
887
888
895
916
917
918
919
922
923
928
932
986
989
993
995
999
1000
1004
1007
1008
1011
1012
1121
1126
1128
1129
1134
1135
1157
1158
1163
1164
1166
1167
1168
1169
1170
1175
1176
1180
1183
1184
1186
1203
1204
1205
1206
1208
1213
1216
1221
1222
1225
1228
1229
1230
1231
1247
1249
1254
1257
1259
1263
1267
1268
1269
1351
1355
1356
1358
1360
1368
1376
1390
1394
1400
1445
1449
1457
1467
1476
1486
1494
1500
1502
1553
1563
1572
1582
1591
1656
1661
1671
1681
1688
1709
1713
1714
1715
1716
1717
1813
1854
1870
2315
2316
2317
2318
2319
2320
2322
2328
2367
2368
2380
2381
2382
2387
2396
2405
2549
2550
2551
2561
2566
2574
2579
2581
2582
2583
2585
2613
2616
2622
2627
2628
2632
2636
2639
2642
2643
2646
2810
2831
2833
2862
3422
3453
3480
3498
3528
3558
3573
3574
3589
3604
3749
3754
3771
3783
3801
3810
3840
3854
3885
3900
3901
3915
4399
4430
4526
4671
4672
4674
4675
4676
4709
4715
4740
4741
4742
4743
4744
4751
4775
4776
4778
4796
4810
4811
4835
4837
4880
4920
4929
5279
5957
6216
6313
6668
6812
6848
7142
7204
7235
7240
7272
7277
7280
7298
7307
7332
7415
8271
8640
8831
9180
9564
10537
205
206
207
558
590
591
592
596
600
626
627
628
629
677
678
679
683
714
726
732
733
807
808
809
815
817
818
819
822
823
824
825
826
827
828
829
830
831
832
833
881
887
888
895
916
917
918
919
922
923
928
932
986
989
993
995
999
1000
1004
1007
1008
1011
1012
1121
1126
1128
1129
1134
1135
1157
1158
1163
1164
1166
1167
1168
1169
1170
1175
1176
1180
1183
1184
1186
1203
1204
1205
1206
1208
1213
1216
1221
1222
1225
1228
1229
1230
1231
1247
1249
1254
1257
1259
1263
1267
1268
1269
1351
1355
1356
1358
1360
1368
1376
1390
1394
1400
1445
1449
1457
1467
1476
1486
1494
1500
1502
1553
1563
1572
1582
1591
1656
1661
1671
1681
1688
1709
1713
1714
1715
1716
1717
1813
1854
1870
2315
2316
2317
2318
2319
2320
2322
2328
2367
2368
2380
2381
2382
2387
2396
2405
2549
2550
2551
2561
2566
2574
2579
2581
2582
2583
2585
2613
2616
2622
2627
2628
2632
2636
2639
2642
2643
2646
2810
2831
2833
2862
3422
3453
3480
3498
3528
3558
3573
3574
3589
3604
3749
3754
3771
3783
3801
3810
3840
3854
3885
3900
3901
3915
4399
4430
4526
4671
4672
4674
4675
4676
4709
4715
4740
4741
4742
4743
4744
4751
4775
4776
4778
4796
4810
4811
4835
4837
4880
4920
4929
5279
5957
6216
6313
6668
6812
6848
7142
7204
7235
7240
7272
7277
7280
7298
7307
7332
7415
8271
8640
8831
9180
9564
10537
10563
10589
10623
10629
205
206
207
558
590
591
592
596
600
626
627
628
629
677
678
679
683
714
726
732
733
807
808
809
815
817
818
819
822
823
824
825
826
827
828
829
830
831
832
833
881
887
888
895
916
917
918
919
922
923
928
932
986
989
993
995
999
1000
1004
1007
1008
1011
1012
1121
1126
1128
1129
1134
1135
1157
1158
1163
1164
1166
1167
1168
1169
1170
1175
1176
1180
1183
1184
1186
1203
1204
1205
1206
1208
1213
1216
1221
1222
1225
1228
1229
1230
1231
1247
1249
1254
1257
1259
1263
1267
1268
1269
1351
1355
1356
1358
1360
1368
1376
1390
1394
1400
1445
1449
1457
1467
1476
1486
1494
1500
1502
1553
1563
1572
1582
1591
1656
1661
1671
1681
1688
1709
1713
1714
1715
1716
1717
1813
1854
1870
2315
2316
2317
2318
2319
2320
2322
2328
2367
2368
2380
2381
2382
2387
2396
2405
2549
2550
2551
2561
2566
2574
2579
2581
2582
2583
2585
2613
2616
2622
2627
2628
2632
2636
2639
2642
2643
2646
2810
2831
2833
2862
3422
3453
3480
3498
3528
3558
3573
3574
3589
3604
3749
3754
3771
3783
3801
3810
3840
3854
3885
3900
3901
3915
4399
4430
4526
4671
4672
4674
4675
4676
4709
4715
4740
4741
4742
4743
4744
4751
4775
4776
4778
4796
4810
4811
4835
4837
4880
4920
4929
5279
5957
6216
6313
6668
6812
6848
7142
7204
7235
7240
7272
7277
7280
7298
7307
7332
7415
8271
8640
8831
9180
9564
10537
10563
10589
10623
10629
11537
11630
11632
11633
205
206
207
558
590
591
592
596
600
626
627
628
629
677
678
679
683
714
726
732
733
807
808
809
815
817
818
819
822
823
824
825
826
827
828
829
830
831
832
833
881
887
888
895
916
917
918
919
922
923
928
932
986
989
993
995
999
1000
1004
1007
1008
1011
1012
1121
1126
1128
1129
1134
1135
1157
1158
1163
1164
1166
1167
1168
1169
1170
1175
1176
1180
1183
1184
1186
1203
1204
1205
1206
1208
1213
1216
1221
1222
1225
1228
1229
1230
1231
1247
1249
1254
1257
1259
1263
1267
1268
1269
1351
1355
1356
1358
1360
1368
1376
1390
1394
1400
1445
1449
1457
1467
1476
1486
1494
1500
1502
1553
1563
1572
1582
1591
1656
1661
1671
1681
1688
1709
1713
1714
1715
1716
1717
1813
1854
1870
2315
2316
2317
2318
2319
2320
2322
2328
2367
2368
2380
2381
2382
2387
2396
2405
2549
2550
2551
2561
2566
2574
2579
2581
2582
2583
2585
2613
2616
2622
2627
2628
2632
2636
2639
2642
2643
2646
2810
2831
2833
2862
3422
3453
3480
3498
3528
3558
3573
3574
3589
3604
3749
3754
3771
3783
3801
3810
3840
3854
3885
3900
3901
3915
4399
4430
4526
4671
4672
4674
4675
4676
4709
4715
4740
4741
4742
4743
4744
4751
4775
4776
4778
4796
4810
4811
4835
4837
4880
4920
4929
5279
5957
6216
6313
6668
6812
6848
7142
7204
7235
7240
7272
7277
7280
7298
7307
7332
7415
8271
8640
8831
9180
9564
10537
10563
10589
10623
10629
11537
11630
11632
11633
11634
11639
11641
11644
205
206
207
558
590
591
592
596
600
626
627
628
629
677
678
679
683
714
726
732
733
807
808
809
815
817
818
819
822
823
824
825
826
827
828
829
830
831
832
833
881
887
888
895
916
917
918
919
922
923
928
932
986
989
993
995
999
1000
1004
1007
1008
1011
1012
1121
1126
1128
1129
1134
1135
1157
1158
1163
1164
1166
1167
1168
1169
1170
1175
1176
1180
1183
1184
1186
1203
1204
1205
1206
1208
1213
1216
1221
1222
1225
1228
1229
1230
1231
1247
1249
1254
1257
1259
1263
1267
1268
1269
1351
1355
1356
1358
1360
1368
1376
1390
1394
1400
1445
1449
1457
1467
1476
1486
1494
1500
1502
1553
1563
1572
1582
1591
1656
1661
1671
1681
1688
1709
1713
1714
1715
1716
1717
1813
1854
1870
2315
2316
2317
2318
2319
2320
2322
2328
2367
2368
2380
2381
2382
2387
2396
2405
2549
2550
2551
2561
2566
2574
2579
2581
2582
2583
2585
2613
2616
2622
2627
2628
2632
2636
2639
2642
2643
2646
2810
2831
2833
2862
3422
3453
3480
3498
3528
3558
3573
3574
3589
3604
3749
3754
3771
3783
3801
3810
3840
3854
3885
3900
3901
3915
4399
4430
4526
4671
4672
4674
4675
4676
4709
4715
4740
4741
4742
4743
4744
4751
4775
4776
4778
4796
4810
4811
4835
4837
4880
4920
4929
5279
5957
6216
6313
6668
6812
6848
7142
7204
7235
7240
7272
7277
7280
7298
7307
7332
7415
8271
8640
8831
9180
9564
10537
10563
10589
10623
10629
11537
11630
11632
11633
11634
11639
11641
11644
11645
11646
11647
11648
205
206
207
558
590
591
592
596
600
626
627
628
629
677
678
679
683
714
726
732
733
807
808
809
815
817
818
819
822
823
824
825
826
827
828
829
830
831
832
833
881
887
888
895
916
917
918
919
922
923
928
932
986
989
993
995
999
1000
1004
1007
1008
1011
1012
1121
1126
1128
1129
1134
1135
1157
1158
1163
1164
1166
1167
1168
1169
1170
1175
1176
1180
1183
1184
1186
1203
1204
1205
1206
1208
1213
1216
1221
1222
1225
1228
1229
1230
1231
1247
1249
1254
1257
1259
1263
1267
1268
1269
1351
1355
1356
1358
1360
1368
1376
1390
1394
1400
1445
1449
1457
1467
1476
1486
1494
1500
1502
1553
1563
1572
1582
1591
1656
1661
1671
1681
1688
1709
1713
1714
1715
1716
1717
1813
1854
1870
2315
2316
2317
2318
2319
2320
2322
2328
2367
2368
2380
2381
2382
2387
2396
2405
2549
2550
2551
2561
2566
2574
2579
2581
2582
2583
2585
2613
2616
2622
2627
2628
2632
2636
2639
2642
2643
2646
2810
2831
2833
2862
3422
3453
3480
3498
3528
3558
3573
3574
3589
3604
3749
3754
3771
3783
3801
3810
3840
3854
3885
3900
3901
3915
4399
4430
4526
4671
4672
4674
4675
4676
4709
4715
4740
4741
4742
4743
4744
4751
4775
4776
4778
4796
4810
4811
4835
4837
4880
4920
4929
5279
5957
6216
6313
6668
6812
6848
7142
7204
7235
7240
7272
7277
7280
7298
7307
7332
7415
8271
8640
8831
9180
9564
10537
10563
10589
10623
10629
11537
11630
11632
11633
11634
11639
11641
11644
11645
11646
11647
11648
11649
11650
11651
11652
205
206
207
558
590
591
592
596
600
626
627
628
629
677
678
679
683
714
726
732
733
807
808
809
815
817
818
819
822
823
824
825
826
827
828
829
830
831
832
833
881
887
888
895
916
917
918
919
922
923
928
932
986
989
993
995
999
1000
1004
1007
1008
1011
1012
1121
1126
1128
1129
1134
1135
1157
1158
1163
1164
1166
1167
1168
1169
1170
1175
1176
1180
1183
1184
1186
1203
1204
1205
1206
1208
1213
1216
1221
1222
1225
1228
1229
1230
1231
1247
1249
1254
1257
1259
1263
1267
1268
1269
1351
1355
1356
1358
1360
1368
1376
1390
1394
1400
1445
1449
1457
1467
1476
1486
1494
1500
1502
1553
1563
1572
1582
1591
1656
1661
1671
1681
1688
1709
1713
1714
1715
1716
1717
1813
1854
1870
2315
2316
2317
2318
2319
2320
2322
2328
2367
2368
2380
2381
2382
2387
2396
2405
2549
2550
2551
2561
2566
2574
2579
2581
2582
2583
2585
2613
2616
2622
2627
2628
2632
2636
2639
2642
2643
2646
2810
2831
2833
2862
3422
3453
3480
3498
3528
3558
3573
3574
3589
3604
3749
3754
3771
3783
3801
3810
3840
3854
3885
3900
3901
3915
4399
4430
4526
4671
4672
4674
4675
4676
4709
4715
4740
4741
4742
4743
4744
4751
4775
4776
4778
4796
4810
4811
4835
4837
4880
4920
4929
5279
5957
6216
6313
6668
6812
6848
7142
7204
7235
7240
7272
7277
7280
7298
7307
7332
7415
8271
8640
8831
9180
9564
10537
10563
10589
10623
10629
11537
11630
11632
11633
11634
11639
11641
11644
11645
11646
11647
11648
11649
11650
11651
11652
11653
11654
11656
11657
205
206
207
558
590
591
592
596
600
626
627
628
629
677
678
679
683
714
726
732
733
807
808
809
815
817
818
819
822
823
824
825
826
827
828
829
830
831
832
833
881
887
888
895
916
917
918
919
922
923
928
932
986
989
993
995
999
1000
1004
1007
1008
1011
1012
1121
1126
1128
1129
1134
1135
1157
1158
1163
1164
1166
1167
1168
1169
1170
1175
1176
1180
1183
1184
1186
1203
1204
1205
1206
1208
1213
1216
1221
1222
1225
1228
1229
1230
1231
1247
1249
1254
1257
1259
1263
1267
1268
1269
1351
1355
1356
1358
1360
1368
1376
1390
1394
1400
1445
1449
1457
1467
1476
1486
1494
1500
1502
1553
1563
1572
1582
1591
1656
1661
1671
1681
1688
1709
1713
1714
1715
1716
1717
1813
1854
1870
2315
2316
2317
2318
2319
2320
2322
2328
2367
2368
2380
2381
2382
2387
2396
2405
2549
2550
2551
2561
2566
2574
2579
2581
2582
2583
2585
2613
2616
2622
2627
2628
2632
2636
2639
2642
2643
2646
2810
2831
2833
2862
3422
3453
3480
3498
3528
3558
3573
3574
3589
3604
3749
3754
3771
3783
3801
3810
3840
3854
3885
3900
3901
3915
4399
4430
4526
4671
4672
4674
4675
4676
4709
4715
4740
4741
4742
4743
4744
4751
4775
4776
4778
4796
4810
4811
4835
4837
4880
4920
4929
5279
5957
6216
6313
6668
6812
6848
7142
7204
7235
7240
7272
7277
7280
7298
7307
7332
7415
8271
8640
8831
9180
9564
10537
10563
10589
10623
10629
11537
11630
11632
11633
11634
11639
11641
11644
11645
11646
11647
11648
11649
11650
11651
11652
11653
11654
11656
11657
11658
11659
11660
11661
205
206
207
558
590
591
592
596
600
626
627
628
629
677
678
679
683
714
726
732
733
807
808
809
815
817
818
819
822
823
824
825
826
827
828
829
830
831
832
833
881
887
888
895
916
917
918
919
922
923
928
932
986
989
993
995
999
1000
1004
1007
1008
1011
1012
1121
1126
1128
1129
1134
1135
1157
1158
1163
1164
1166
1167
1168
1169
1170
1175
1176
1180
1183
1184
1186
1203
1204
1205
1206
1208
1213
1216
1221
1222
1225
1228
1229
1230
1231
1247
1249
1254
1257
1259
1263
1267
1268
1269
1351
1355
1356
1358
1360
1368
1376
1390
1394
1400
1445
1449
1457
1467
1476
1486
1494
1500
1502
1553
1563
1572
1582
1591
1656
1661
1671
1681
1688
1709
1713
1714
1715
1716
1717
1813
1854
1870
2315
2316
2317
2318
2319
2320
2322
2328
2367
2368
2380
2381
2382
2387
2396
2405
2549
2550
2551
2561
2566
2574
2579
2581
2582
2583
2585
2613
2616
2622
2627
2628
2632
2636
2639
2642
2643
2646
2810
2831
2833
2862
3422
3453
3480
3498
3528
3558
3573
3574
3589
3604
3749
3754
3771
3783
3801
3810
3840
3854
3885
3900
3901
3915
4399
4430
4526
4671
4672
4674
4675
4676
4709
4715
4740
4741
4742
4743
4744
4751
4775
4776
4778
4796
4810
4811
4835
4837
4880
4920
4929
5279
5957
6216
6313
6668
6812
6848
7142
7204
7235
7240
7272
7277
7280
7298
7307
7332
7415
8271
8640
8831
9180
9564
10537
10563
10589
10623
10629
11537
11630
11632
11633
11634
11639
11641
11644
11645
11646
11647
11648
11649
11650
11651
11652
11653
11654
11656
11657
11658
11659
11660
11661
11662
11663
11664
11665
205
206
207
558
590
591
592
596
600
626
627
628
629
677
678
679
683
714
726
732
733
807
808
809
815
817
818
819
822
823
824
825
826
827
828
829
830
831
832
833
881
887
888
895
916
917
918
919
922
923
928
932
986
989
993
995
999
1000
1004
1007
1008
1011
1012
1121
1126
1128
1129
1134
1135
1157
1158
1163
1164
1166
1167
1168
1169
1170
1175
1176
1180
1183
1184
1186
1203
1204
1205
1206
1208
1213
1216
1221
1222
1225
1228
1229
1230
1231
1247
1249
1254
1257
1259
1263
1267
1268
1269
1351
1355
1356
1358
1360
1368
1376
1390
1394
1400
1445
1449
1457
1467
1476
1486
1494
1500
1502
1553
1563
1572
1582
1591
1656
1661
1671
1681
1688
1709
1713
1714
1715
1716
1717
1813
1854
1870
2315
2316
2317
2318
2319
2320
2322
2328
2367
2368
2380
2381
2382
2387
2396
2405
2549
2550
2551
2561
2566
2574
2579
2581
2582
2583
2585
2613
2616
2622
2627
2628
2632
2636
2639
2642
2643
2646
2810
2831
2833
2862
3422
3453
3480
3498
3528
3558
3573
3574
3589
3604
3749
3754
3771
3783
3801
3810
3840
3854
3885
3900
3901
3915
4399
4430
4526
4671
4672
4674
4675
4676
4709
4715
4740
4741
4742
4743
4744
4751
4775
4776
4778
4796
4810
4811
4835
4837
4880
4920
4929
5279
5957
6216
6313
6668
6812
6848
7142
7204
7235
7240
7272
7277
7280
7298
7307
7332
7415
8271
8640
8831
9180
9564
10537
10563
10589
10623
10629
11537
11630
11632
11633
11634
11639
11641
11644
11645
11646
11647
11648
11649
11650
11651
11652
11653
11654
11656
11657
11658
11659
11660
11661
11662
11663
11664
11665
11666
11671
11672
11673
205
206
207
558
590
591
592
596
600
626
627
628
629
677
678
679
683
714
726
732
733
807
808
809
815
817
818
819
822
823
824
825
826
827
828
829
830
831
832
833
881
887
888
895
916
917
918
919
922
923
928
932
986
989
993
995
999
1000
1004
1007
1008
1011
1012
1121
1126
1128
1129
1134
1135
1157
1158
1163
1164
1166
1167
1168
1169
1170
1175
1176
1180
1183
1184
1186
1203
1204
1205
1206
1208
1213
1216
1221
1222
1225
1228
1229
1230
1231
1247
1249
1254
1257
1259
1263
1267
1268
1269
1351
1355
1356
1358
1360
1368
1376
1390
1394
1400
1445
1449
1457
1467
1476
1486
1494
1500
1502
1553
1563
1572
1582
1591
1656
1661
1671
1681
1688
1709
1713
1714
1715
1716
1717
1813
1854
1870
2315
2316
2317
2318
2319
2320
2322
2328
2367
2368
2380
2381
2382
2387
2396
2405
2549
2550
2551
2561
2566
2574
2579
2581
2582
2583
2585
2613
2616
2622
2627
2628
2632
2636
2639
2642
2643
2646
2810
2831
2833
2862
3422
3453
3480
3498
3528
3558
3573
3574
3589
3604
3749
3754
3771
3783
3801
3810
3840
3854
3885
3900
3901
3915
4399
4430
4526
4671
4672
4674
4675
4676
4709
4715
4740
4741
4742
4743
4744
4751
4775
4776
4778
4796
4810
4811
4835
4837
4880
4920
4929
5279
5957
6216
6313
6668
6812
6848
7142
7204
7235
7240
7272
7277
7280
7298
7307
7332
7415
8271
8640
8831
9180
9564
10537
10563
10589
10623
10629
11537
11630
11632
11633
11634
11639
11641
11644
11645
11646
11647
11648
11649
11650
11651
11652
11653
11654
11656
11657
11658
11659
11660
11661
11662
11663
11664
11665
11666
11671
11672
11673
11674
11675
11677
11678
205
206
207
558
590
591
592
596
600
626
627
628
629
677
678
679
683
714
726
732
733
807
808
809
815
817
818
819
822
823
824
825
826
827
828
829
830
831
832
833
881
887
888
895
916
917
918
919
922
923
928
932
986
989
993
995
999
1000
1004
1007
1008
1011
1012
1121
1126
1128
1129
1134
1135
1157
1158
1163
1164
1166
1167
1168
1169
1170
1175
1176
1180
1183
1184
1186
1203
1204
1205
1206
1208
1213
1216
1221
1222
1225
1228
1229
1230
1231
1247
1249
1254
1257
1259
1263
1267
1268
1269
1351
1355
1356
1358
1360
1368
1376
1390
1394
1400
1445
1449
1457
1467
1476
1486
1494
1500
1502
1553
1563
1572
1582
1591
1656
1661
1671
1681
1688
1709
1713
1714
1715
1716
1717
1813
1854
1870
2315
2316
2317
2318
2319
2320
2322
2328
2367
2368
2380
2381
2382
2387
2396
2405
2549
2550
2551
2561
2566
2574
2579
2581
2582
2583
2585
2613
2616
2622
2627
2628
2632
2636
2639
2642
2643
2646
2810
2831
2833
2862
3422
3453
3480
3498
3528
3558
3573
3574
3589
3604
3749
3754
3771
3783
3801
3810
3840
3854
3885
3900
3901
3915
4399
4430
4526
4671
4672
4674
4675
4676
4709
4715
4740
4741
4742
4743
4744
4751
4775
4776
4778
4796
4810
4811
4835
4837
4880
4920
4929
5279
5957
6216
6313
6668
6812
6848
7142
7204
7235
7240
7272
7277
7280
7298
7307
7332
7415
8271
8640
8831
9180
9564
10537
10563
10589
10623
10629
11537
11630
11632
11633
11634
11639
11641
11644
11645
11646
11647
11648
11649
11650
11651
11652
11653
11654
11656
11657
11658
11659
11660
11661
11662
11663
11664
11665
11666
11671
11672
11673
11674
11675
11677
11678
11679
11680
11682
11683
205
206
207
558
590
591
592
596
600
626
627
628
629
677
678
679
683
714
726
732
733
807
808
809
815
817
818
819
822
823
824
825
826
827
828
829
830
831
832
833
881
887
888
895
916
917
918
919
922
923
928
932
986
989
993
995
999
1000
1004
1007
1008
1011
1012
1121
1126
1128
1129
1134
1135
1157
1158
1163
1164
1166
1167
1168
1169
1170
1175
1176
1180
1183
1184
1186
1203
1204
1205
1206
1208
1213
1216
1221
1222
1225
1228
1229
1230
1231
1247
1249
1254
1257
1259
1263
1267
1268
1269
1351
1355
1356
1358
1360
1368
1376
1390
1394
1400
1445
1449
1457
1467
1476
1486
1494
1500
1502
1553
1563
1572
1582
1591
1656
1661
1671
1681
1688
1709
1713
1714
1715
1716
1717
1813
1854
1870
2315
2316
2317
2318
2319
2320
2322
2328
2367
2368
2380
2381
2382
2387
2396
2405
2549
2550
2551
2561
2566
2574
2579
2581
2582
2583
2585
2613
2616
2622
2627
2628
2632
2636
2639
2642
2643
2646
2810
2831
2833
2862
3422
3453
3480
3498
3528
3558
3573
3574
3589
3604
3749
3754
3771
3783
3801
3810
3840
3854
3885
3900
3901
3915
4399
4430
4526
4671
4672
4674
4675
4676
4709
4715
4740
4741
4742
4743
4744
4751
4775
4776
4778
4796
4810
4811
4835
4837
4880
4920
4929
5279
5957
6216
6313
6668
6812
6848
7142
7204
7235
7240
7272
7277
7280
7298
7307
7332
7415
8271
8640
8831
9180
9564
10537
10563
10589
10623
10629
11537
11630
11632
11633
11634
11639
11641
11644
11645
11646
11647
11648
11649
11650
11651
11652
11653
11654
11656
11657
11658
11659
11660
11661
11662
11663
11664
11665
11666
11671
11672
11673
11674
11675
11677
11678
11679
11680
11682
11683
11686
11687
11688
11689
205
206
207
558
590
591
592
596
600
626
627
628
629
677
678
679
683
714
726
732
733
807
808
809
815
817
818
819
822
823
824
825
826
827
828
829
830
831
832
833
881
887
888
895
916
917
918
919
922
923
928
932
986
989
993
995
999
1000
1004
1007
1008
1011
1012
1121
1126
1128
1129
1134
1135
1157
1158
1163
1164
1166
1167
1168
1169
1170
1175
1176
1180
1183
1184
1186
1203
1204
1205
1206
1208
1213
1216
1221
1222
1225
1228
1229
1230
1231
1247
1249
1254
1257
1259
1263
1267
1268
1269
1351
1355
1356
1358
1360
1368
1376
1390
1394
1400
1445
1449
1457
1467
1476
1486
1494
1500
1502
1553
1563
1572
1582
1591
1656
1661
1671
1681
1688
1709
1713
1714
1715
1716
1717
1813
1854
1870
2315
2316
2317
2318
2319
2320
2322
2328
2367
2368
2380
2381
2382
2387
2396
2405
2549
2550
2551
2561
2566
2574
2579
2581
2582
2583
2585
2613
2616
2622
2627
2628
2632
2636
2639
2642
2643
2646
2810
2831
2833
2862
3422
3453
3480
3498
3528
3558
3573
3574
3589
3604
3749
3754
3771
3783
3801
3810
3840
3854
3885
3900
3901
3915
4399
4430
4526
4671
4672
4674
4675
4676
4709
4715
4740
4741
4742
4743
4744
4751
4775
4776
4778
4796
4810
4811
4835
4837
4880
4920
4929
5279
5957
6216
6313
6668
6812
6848
7142
7204
7235
7240
7272
7277
7280
7298
7307
7332
7415
8271
8640
8831
9180
9564
10537
10563
10589
10623
10629
11537
11630
11632
11633
11634
11639
11641
11644
11645
11646
11647
11648
11649
11650
11651
11652
11653
11654
11656
11657
11658
11659
11660
11661
11662
11663
11664
11665
11666
11671
11672
11673
11674
11675
11677
11678
11679
11680
11682
11683
11686
11687
11688
11689
11690
11691
11697
11701
205
206
207
558
590
591
592
596
600
626
627
628
629
677
678
679
683
714
726
732
733
807
808
809
815
817
818
819
822
823
824
825
826
827
828
829
830
831
832
833
881
887
888
895
916
917
918
919
922
923
928
932
986
989
993
995
999
1000
1004
1007
1008
1011
1012
1121
1126
1128
1129
1134
1135
1157
1158
1163
1164
1166
1167
1168
1169
1170
1175
1176
1180
1183
1184
1186
1203
1204
1205
1206
1208
1213
1216
1221
1222
1225
1228
1229
1230
1231
1247
1249
1254
1257
1259
1263
1267
1268
1269
1351
1355
1356
1358
1360
1368
1376
1390
1394
1400
1445
1449
1457
1467
1476
1486
1494
1500
1502
1553
1563
1572
1582
1591
1656
1661
1671
1681
1688
1709
1713
1714
1715
1716
1717
1813
1854
1870
2315
2316
2317
2318
2319
2320
2322
2328
2367
2368
2380
2381
2382
2387
2396
2405
2549
2550
2551
2561
2566
2574
2579
2581
2582
2583
2585
2613
2616
2622
2627
2628
2632
2636
2639
2642
2643
2646
2810
2831
2833
2862
3422
3453
3480
3498
3528
3558
3573
3574
3589
3604
3749
3754
3771
3783
3801
3810
3840
3854
3885
3900
3901
3915
4399
4430
4526
4671
4672
4674
4675
4676
4709
4715
4740
4741
4742
4743
4744
4751
4775
4776
4778
4796
4810
4811
4835
4837
4880
4920
4929
5279
5957
6216
6313
6668
6812
6848
7142
7204
7235
7240
7272
7277
7280
7298
7307
7332
7415
8271
8640
8831
9180
9564
10537
10563
10589
10623
10629
11537
11630
11632
11633
11634
11639
11641
11644
11645
11646
11647
11648
11649
11650
11651
11652
11653
11654
11656
11657
11658
11659
11660
11661
11662
11663
11664
11665
11666
11671
11672
11673
11674
11675
11677
11678
11679
11680
11682
11683
11686
11687
11688
11689
11690
11691
11697
11701
11703
11704
11706
11707
11710
11712
11744
11745
11710
11712
11744
11745
11754
11758
11763
11766
11710
11712
11744
11745
11754
11758
11763
11766
11768
11769
11772
11935
11710
11712
11744
11745
11754
11758
11763
11766
11768
11769
11772
11935
11945
12019
12026
12246
11710
11712
11744
11745
11754
11758
11763
11766
11768
11769
11772
11935
11945
12019
12026
12246
12297
12300
12303
12304
11710
11712
11744
11745
11754
11758
11763
11766
11768
11769
11772
11935
11945
12019
12026
12246
12297
12300
12303
12304
12309
12334
12350
12354
11710
11712
11744
11745
11754
11758
11763
11766
11768
11769
11772
11935
11945
12019
12026
12246
12297
12300
12303
12304
12309
12334
12350
12354
12358
12359
12391
12393
11710
11712
11744
11745
11754
11758
11763
11766
11768
11769
11772
11935
11945
12019
12026
12246
12297
12300
12303
12304
12309
12334
12350
12354
12358
12359
12391
12393
12394
12397
12454
12457
11710
11712
11744
11745
11754
11758
11763
11766
11768
11769
11772
11935
11945
12019
12026
12246
12297
12300
12303
12304
12309
12334
12350
12354
12358
12359
12391
12393
12394
12397
12454
12457
12753
12769
12786
12807
11710
11712
11744
11745
11754
11758
11763
11766
11768
11769
11772
11935
11945
12019
12026
12246
12297
12300
12303
12304
12309
12334
12350
12354
12358
12359
12391
12393
12394
12397
12454
12457
12753
12769
12786
12807
12921
13099
13100
13101
11710
11712
11744
11745
11754
11758
11763
11766
11768
11769
11772
11935
11945
12019
12026
12246
12297
12300
12303
12304
12309
12334
12350
12354
12358
12359
12391
12393
12394
12397
12454
12457
12753
12769
12786
12807
12921
13099
13100
13101
13102
13120
13137
14103
11710
11712
11744
11745
11754
11758
11763
11766
11768
11769
11772
11935
11945
12019
12026
12246
12297
12300
12303
12304
12309
12334
12350
12354
12358
12359
12391
12393
12394
12397
12454
12457
12753
12769
12786
12807
12921
13099
13100
13101
13102
13120
13137
14103
14118
14134
14153
14280
11710
11712
11744
11745
11754
11758
11763
11766
11768
11769
11772
11935
11945
12019
12026
12246
12297
12300
12303
12304
12309
12334
12350
12354
12358
12359
12391
12393
12394
12397
12454
12457
12753
12769
12786
12807
12921
13099
13100
13101
13102
13120
13137
14103
14118
14134
14153
14280
14423
14450
14466
14472
14484
17682
17714
18009
11710
11712
11744
11745
11754
11758
11763
11766
11768
11769
11772
11935
11945
12019
12026
12246
12297
12300
12303
12304
12309
12334
12350
12354
12358
12359
12391
12393
12394
12397
12454
12457
12753
12769
12786
12807
12921
13099
13100
13101
13102
13120
13137
14103
14118
14134
14153
14280
14423
14450
14466
14472
14484
17682
17714
18009
18026
18044
18079
18119
