0
245584
245574
245572
245461
245584
245574
245572
245461
245459
245456
245259
245258
245584
245574
245572
245461
245459
245456
245259
245258
245257
245250
245247
245246
245584
245574
245572
245461
245459
245456
245259
245258
245257
245250
245247
245246
245135
245133
244921
244919
245584
245574
245572
245461
245459
245456
245259
245258
245257
245250
245247
245246
245135
245133
244921
244919
244808
244806
244594
244592
245584
245574
245572
245461
245459
245456
245259
245258
245257
245250
245247
245246
245135
245133
244921
244919
244808
244806
244594
244592
244522
244520
244311
244309
245584
245574
245572
245461
245459
245456
245259
245258
245257
245250
245247
245246
245135
245133
244921
244919
244808
244806
244594
244592
244522
244520
244311
244309
244308
244213
244212
244208
245584
245574
245572
245461
245459
245456
245259
245258
245257
245250
245247
245246
245135
245133
244921
244919
244808
244806
244594
244592
244522
244520
244311
244309
244308
244213
244212
244208
243983
243981
243870
243869
245584
245574
245572
245461
245459
245456
245259
245258
245257
245250
245247
245246
245135
245133
244921
244919
244808
244806
244594
244592
244522
244520
244311
244309
244308
244213
244212
244208
243983
243981
243870
243869
243868
243744
243743
243741
245584
245574
245572
245461
245459
245456
245259
245258
245257
245250
245247
245246
245135
245133
244921
244919
244808
244806
244594
244592
244522
244520
244311
244309
244308
244213
244212
244208
243983
243981
243870
243869
243868
243744
243743
243741
243739
243736
243535
243533
245584
245574
245572
245461
245459
245456
245259
245258
245257
245250
245247
245246
245135
245133
244921
244919
244808
244806
244594
244592
244522
244520
244311
244309
244308
244213
244212
244208
243983
243981
243870
243869
243868
243744
243743
243741
243739
243736
243535
243533
243437
243435
243225
243223
245584
245574
245572
245461
245459
245456
245259
245258
245257
245250
245247
245246
245135
245133
244921
244919
244808
244806
244594
244592
244522
244520
244311
244309
244308
244213
244212
244208
243983
243981
243870
243869
243868
243744
243743
243741
243739
243736
243535
243533
243437
243435
243225
243223
243112
243110
243107
242898
245584
245574
245572
245461
245459
245456
245259
245258
245257
245250
245247
245246
245135
245133
244921
244919
244808
244806
244594
244592
244522
244520
244311
244309
244308
244213
244212
244208
243983
243981
243870
243869
243868
243744
243743
243741
243739
243736
243535
243533
243437
243435
243225
243223
243112
243110
243107
242898
242896
242785
242782
242571
245584
245574
245572
245461
245459
245456
245259
245258
245257
245250
245247
245246
245135
245133
244921
244919
244808
244806
244594
244592
244522
244520
244311
244309
244308
244213
244212
244208
243983
243981
243870
243869
243868
243744
243743
243741
243739
243736
243535
243533
243437
243435
243225
243223
243112
243110
243107
242898
242896
242785
242782
242571
242569
242457
242455
242242
245584
245574
245572
245461
245459
245456
245259
245258
245257
245250
245247
245246
245135
245133
244921
244919
244808
244806
244594
244592
244522
244520
244311
244309
244308
244213
244212
244208
243983
243981
243870
243869
243868
243744
243743
243741
243739
243736
243535
243533
243437
243435
243225
243223
243112
243110
243107
242898
242896
242785
242782
242571
242569
242457
242455
242242
242240
242130
242128
242035
245584
245574
245572
245461
245459
245456
245259
245258
245257
245250
245247
245246
245135
245133
244921
244919
244808
244806
244594
244592
244522
244520
244311
244309
244308
244213
244212
244208
243983
243981
243870
243869
243868
243744
243743
243741
243739
243736
243535
243533
243437
243435
243225
243223
243112
243110
243107
242898
242896
242785
242782
242571
242569
242457
242455
242242
242240
242130
242128
242035
242033
242031
241750
241748
245584
245574
245572
245461
245459
245456
245259
245258
245257
245250
245247
245246
245135
245133
244921
244919
244808
244806
244594
244592
244522
244520
244311
244309
244308
244213
244212
244208
243983
243981
243870
243869
243868
243744
243743
243741
243739
243736
243535
243533
243437
243435
243225
243223
243112
243110
243107
242898
242896
242785
242782
242571
242569
242457
242455
242242
242240
242130
242128
242035
242033
242031
241750
241748
241652
241650
241647
241436
245584
245574
245572
245461
245459
245456
245259
245258
245257
245250
245247
245246
245135
245133
244921
244919
244808
244806
244594
244592
244522
244520
244311
244309
244308
244213
244212
244208
243983
243981
243870
243869
243868
243744
243743
243741
243739
243736
243535
243533
243437
243435
243225
243223
243112
243110
243107
242898
242896
242785
242782
242571
242569
242457
242455
242242
242240
242130
242128
242035
242033
242031
241750
241748
241652
241650
241647
241436
241435
241434
241329
241327
245584
245574
245572
245461
245459
245456
245259
245258
245257
245250
245247
245246
245135
245133
244921
244919
244808
244806
244594
244592
244522
244520
244311
244309
244308
244213
244212
244208
243983
243981
243870
243869
243868
243744
243743
243741
243739
243736
243535
243533
243437
243435
243225
243223
243112
243110
243107
242898
242896
242785
242782
242571
242569
242457
242455
242242
242240
242130
242128
242035
242033
242031
241750
241748
241652
241650
241647
241436
241435
241434
241329
241327
241324
241112
241110
241021
245584
245574
245572
245461
245459
245456
245259
245258
245257
245250
245247
245246
245135
245133
244921
244919
244808
244806
244594
244592
244522
244520
244311
244309
244308
244213
244212
244208
243983
243981
243870
243869
243868
243744
243743
243741
243739
243736
243535
243533
243437
243435
243225
243223
243112
243110
243107
242898
242896
242785
242782
242571
242569
242457
242455
242242
242240
242130
242128
242035
242033
242031
241750
241748
241652
241650
241647
241436
241435
241434
241329
241327
241324
241112
241110
241021
241019
241016
240870
240868
245584
245574
245572
245461
245459
245456
245259
245258
245257
245250
245247
245246
245135
245133
244921
244919
244808
244806
244594
244592
244522
244520
244311
244309
244308
244213
244212
244208
243983
243981
243870
243869
243868
243744
243743
243741
243739
243736
243535
243533
243437
243435
243225
243223
243112
243110
243107
242898
242896
242785
242782
242571
242569
242457
242455
242242
242240
242130
242128
242035
242033
242031
241750
241748
241652
241650
241647
241436
241435
241434
241329
241327
241324
241112
241110
241021
241019
241016
240870
240868
240768
240766
240765
240763
245584
245574
245572
245461
245459
245456
245259
245258
245257
245250
245247
245246
245135
245133
244921
244919
244808
244806
244594
244592
244522
244520
244311
244309
244308
244213
244212
244208
243983
243981
243870
243869
243868
243744
243743
243741
243739
243736
243535
243533
243437
243435
243225
243223
243112
243110
243107
242898
242896
242785
242782
242571
242569
242457
242455
242242
242240
242130
242128
242035
242033
242031
241750
241748
241652
241650
241647
241436
241435
241434
241329
241327
241324
241112
241110
241021
241019
241016
240870
240868
240768
240766
240765
240763
240553
240551
240484
240482
245584
245574
245572
245461
245459
245456
245259
245258
245257
245250
245247
245246
245135
245133
244921
244919
244808
244806
244594
244592
244522
244520
244311
244309
244308
244213
244212
244208
243983
243981
243870
243869
243868
243744
243743
243741
243739
243736
243535
243533
243437
243435
243225
243223
243112
243110
243107
242898
242896
242785
242782
242571
242569
242457
242455
242242
242240
242130
242128
242035
242033
242031
241750
241748
241652
241650
241647
241436
241435
241434
241329
241327
241324
241112
241110
241021
241019
241016
240870
240868
240768
240766
240765
240763
240553
240551
240484
240482
240481
240479
240268
240266
245584
245574
245572
245461
245459
245456
245259
245258
245257
245250
245247
245246
245135
245133
244921
244919
244808
244806
244594
244592
244522
244520
244311
244309
244308
244213
244212
244208
243983
243981
243870
243869
243868
243744
243743
243741
243739
243736
243535
243533
243437
243435
243225
243223
243112
243110
243107
242898
242896
242785
242782
242571
242569
242457
242455
242242
242240
242130
242128
242035
242033
242031
241750
241748
241652
241650
241647
241436
241435
241434
241329
241327
241324
241112
241110
241021
241019
241016
240870
240868
240768
240766
240765
240763
240553
240551
240484
240482
240481
240479
240268
240266
240160
240158
240157
240155
245584
245574
245572
245461
245459
245456
245259
245258
245257
245250
245247
245246
245135
245133
244921
244919
244808
244806
244594
244592
244522
244520
244311
244309
244308
244213
244212
244208
243983
243981
243870
243869
243868
243744
243743
243741
243739
243736
243535
243533
243437
243435
243225
243223
243112
243110
243107
242898
242896
242785
242782
242571
242569
242457
242455
242242
242240
242130
242128
242035
242033
242031
241750
241748
241652
241650
241647
241436
241435
241434
241329
241327
241324
241112
241110
241021
241019
241016
240870
240868
240768
240766
240765
240763
240553
240551
240484
240482
240481
240479
240268
240266
240160
240158
240157
240155
239945
239943
239830
239828
245584
245574
245572
245461
245459
245456
245259
245258
245257
245250
245247
245246
245135
245133
244921
244919
244808
244806
244594
244592
244522
244520
244311
244309
244308
244213
244212
244208
243983
243981
243870
243869
243868
243744
243743
243741
243739
243736
243535
243533
243437
243435
243225
243223
243112
243110
243107
242898
242896
242785
242782
242571
242569
242457
242455
242242
242240
242130
242128
242035
242033
242031
241750
241748
241652
241650
241647
241436
241435
241434
241329
241327
241324
241112
241110
241021
241019
241016
240870
240868
240768
240766
240765
240763
240553
240551
240484
240482
240481
240479
240268
240266
240160
240158
240157
240155
239945
239943
239830
239828
239617
239615
239505
239503
245584
245574
245572
245461
245459
245456
245259
245258
245257
245250
245247
245246
245135
245133
244921
244919
244808
244806
244594
244592
244522
244520
244311
244309
244308
244213
244212
244208
243983
243981
243870
243869
243868
243744
243743
243741
243739
243736
243535
243533
243437
243435
243225
243223
243112
243110
243107
242898
242896
242785
242782
242571
242569
242457
242455
242242
242240
242130
242128
242035
242033
242031
241750
241748
241652
241650
241647
241436
241435
241434
241329
241327
241324
241112
241110
241021
241019
241016
240870
240868
240768
240766
240765
240763
240553
240551
240484
240482
240481
240479
240268
240266
240160
240158
240157
240155
239945
239943
239830
239828
239617
239615
239505
239503
239290
239288
239175
239173
245584
245574
245572
245461
245459
245456
245259
245258
245257
245250
245247
245246
245135
245133
244921
244919
244808
244806
244594
244592
244522
244520
244311
244309
244308
244213
244212
244208
243983
243981
243870
243869
243868
243744
243743
243741
243739
243736
243535
243533
243437
243435
243225
243223
243112
243110
243107
242898
242896
242785
242782
242571
242569
242457
242455
242242
242240
242130
242128
242035
242033
242031
241750
241748
241652
241650
241647
241436
241435
241434
241329
241327
241324
241112
241110
241021
241019
241016
240870
240868
240768
240766
240765
240763
240553
240551
240484
240482
240481
240479
240268
240266
240160
240158
240157
240155
239945
239943
239830
239828
239617
239615
239505
239503
239290
239288
239175
239173
238851
238849
238847
238845
245584
245574
245572
245461
245459
245456
245259
245258
245257
245250
245247
245246
245135
245133
244921
244919
244808
244806
244594
244592
244522
244520
244311
244309
244308
244213
244212
244208
243983
243981
243870
243869
243868
243744
243743
243741
243739
243736
243535
243533
243437
243435
243225
243223
243112
243110
243107
242898
242896
242785
242782
242571
242569
242457
242455
242242
242240
242130
242128
242035
242033
242031
241750
241748
241652
241650
241647
241436
241435
241434
241329
241327
241324
241112
241110
241021
241019
241016
240870
240868
240768
240766
240765
240763
240553
240551
240484
240482
240481
240479
240268
240266
240160
240158
240157
240155
239945
239943
239830
239828
239617
239615
239505
239503
239290
239288
239175
239173
238851
238849
238847
238845
238830
238621
238619
238532
245584
245574
245572
245461
245459
245456
245259
245258
245257
245250
245247
245246
245135
245133
244921
244919
244808
244806
244594
244592
244522
244520
244311
244309
244308
244213
244212
244208
243983
243981
243870
243869
243868
243744
243743
243741
243739
243736
243535
243533
243437
243435
243225
243223
243112
243110
243107
242898
242896
242785
242782
242571
242569
242457
242455
242242
242240
242130
242128
242035
242033
242031
241750
241748
241652
241650
241647
241436
241435
241434
241329
241327
241324
241112
241110
241021
241019
241016
240870
240868
240768
240766
240765
240763
240553
240551
240484
240482
240481
240479
240268
240266
240160
240158
240157
240155
239945
239943
239830
239828
239617
239615
239505
239503
239290
239288
239175
239173
238851
238849
238847
238845
238830
238621
238619
238532
238531
238529
238247
238245
245584
245574
245572
245461
245459
245456
245259
245258
245257
245250
245247
245246
245135
245133
244921
244919
244808
244806
244594
244592
244522
244520
244311
244309
244308
244213
244212
244208
243983
243981
243870
243869
243868
243744
243743
243741
243739
243736
243535
243533
243437
243435
243225
243223
243112
243110
243107
242898
242896
242785
242782
242571
242569
242457
242455
242242
242240
242130
242128
242035
242033
242031
241750
241748
241652
241650
241647
241436
241435
241434
241329
241327
241324
241112
241110
241021
241019
241016
240870
240868
240768
240766
240765
240763
240553
240551
240484
240482
240481
240479
240268
240266
240160
240158
240157
240155
239945
239943
239830
239828
239617
239615
239505
239503
239290
239288
239175
239173
238851
238849
238847
238845
238830
238621
238619
238532
238531
238529
238247
238245
238158
238157
238155
238154
245584
245574
245572
245461
245459
245456
245259
245258
245257
245250
245247
245246
245135
245133
244921
244919
244808
244806
244594
244592
244522
244520
244311
244309
244308
244213
244212
244208
243983
243981
243870
243869
243868
243744
243743
243741
243739
243736
243535
243533
243437
243435
243225
243223
243112
243110
243107
242898
242896
242785
242782
242571
242569
242457
242455
242242
242240
242130
242128
242035
242033
242031
241750
241748
241652
241650
241647
241436
241435
241434
241329
241327
241324
241112
241110
241021
241019
241016
240870
240868
240768
240766
240765
240763
240553
240551
240484
240482
240481
240479
240268
240266
240160
240158
240157
240155
239945
239943
239830
239828
239617
239615
239505
239503
239290
239288
239175
239173
238851
238849
238847
238845
238830
238621
238619
238532
238531
238529
238247
238245
238158
238157
238155
238154
237851
237848
237762
237760
245584
245574
245572
245461
245459
245456
245259
245258
245257
245250
245247
245246
245135
245133
244921
244919
244808
244806
244594
244592
244522
244520
244311
244309
244308
244213
244212
244208
243983
243981
243870
243869
243868
243744
243743
243741
243739
243736
243535
243533
243437
243435
243225
243223
243112
243110
243107
242898
242896
242785
242782
242571
242569
242457
242455
242242
242240
242130
242128
242035
242033
242031
241750
241748
241652
241650
241647
241436
241435
241434
241329
241327
241324
241112
241110
241021
241019
241016
240870
240868
240768
240766
240765
240763
240553
240551
240484
240482
240481
240479
240268
240266
240160
240158
240157
240155
239945
239943
239830
239828
239617
239615
239505
239503
239290
239288
239175
239173
238851
238849
238847
238845
238830
238621
238619
238532
238531
238529
238247
238245
238158
238157
238155
238154
237851
237848
237762
237760
237759
237501
237499
237498
