0
173
175
176
173
175
176
177
178
179
173
175
176
177
178
179
180
181
182
173
175
176
177
178
179
180
181
182
183
184
185
173
175
176
177
178
179
180
181
182
183
184
185
186
187
188
173
175
176
177
178
179
180
181
182
183
184
185
186
187
188
189
190
191
562
561
559
562
561
559
556
555
553
562
561
559
556
555
553
552
551
550
562
561
559
556
555
553
552
551
550
547
545
538
562
561
559
556
555
553
552
551
550
547
545
538
537
532
526
562
561
559
556
555
553
552
551
550
547
545
538
537
532
526
525
521
520
562
561
559
556
555
553
552
551
550
547
545
538
537
532
526
525
521
520
514
507
503
562
561
559
556
555
553
552
551
550
547
545
538
537
532
526
525
521
520
514
507
503
498
497
491
562
561
559
556
555
553
552
551
550
547
545
538
537
532
526
525
521
520
514
507
503
498
497
491
490
483
477
562
561
559
556
555
553
552
551
550
547
545
538
537
532
526
525
521
520
514
507
503
498
497
491
490
483
477
476
472
471
562
561
559
556
555
553
552
551
550
547
545
538
537
532
526
525
521
520
514
507
503
498
497
491
490
483
477
476
472
471
464
463
458
562
561
559
556
555
553
552
551
550
547
545
538
537
532
526
525
521
520
514
507
503
498
497
491
490
483
477
476
472
471
464
463
458
457
451
450
562
561
559
556
555
553
552
551
550
547
545
538
537
532
526
525
521
520
514
507
503
498
497
491
490
483
477
476
472
471
464
463
458
457
451
450
446
445
437
562
561
559
556
555
553
552
551
550
547
545
538
537
532
526
525
521
520
514
507
503
498
497
491
490
483
477
476
472
471
464
463
458
457
451
450
446
445
437
436
432
431
562
561
559
556
555
553
552
551
550
547
545
538
537
532
526
525
521
520
514
507
503
498
497
491
490
483
477
476
472
471
464
463
458
457
451
450
446
445
437
436
432
431
427
426
422
562
561
559
556
555
553
552
551
550
547
545
538
537
532
526
525
521
520
514
507
503
498
497
491
490
483
477
476
472
471
464
463
458
457
451
450
446
445
437
436
432
431
427
426
422
421
415
414
562
561
559
556
555
553
552
551
550
547
545
538
537
532
526
525
521
520
514
507
503
498
497
491
490
483
477
476
472
471
464
463
458
457
451
450
446
445
437
436
432
431
427
426
422
421
415
414
411
410
406
562
561
559
556
555
553
552
551
550
547
545
538
537
532
526
525
521
520
514
507
503
498
497
491
490
483
477
476
472
471
464
463
458
457
451
450
446
445
437
436
432
431
427
426
422
421
415
414
411
410
406
405
401
400
562
561
559
556
555
553
552
551
550
547
545
538
537
532
526
525
521
520
514
507
503
498
497
491
490
483
477
476
472
471
464
463
458
457
451
450
446
445
437
436
432
431
427
426
422
421
415
414
411
410
406
405
401
400
394
393
389
562
561
559
556
555
553
552
551
550
547
545
538
537
532
526
525
521
520
514
507
503
498
497
491
490
483
477
476
472
471
464
463
458
457
451
450
446
445
437
436
432
431
427
426
422
421
415
414
411
410
406
405
401
400
394
393
389
388
383
382
562
561
559
556
555
553
552
551
550
547
545
538
537
532
526
525
521
520
514
507
503
498
497
491
490
483
477
476
472
471
464
463
458
457
451
450
446
445
437
436
432
431
427
426
422
421
415
414
411
410
406
405
401
400
394
393
389
388
383
382
379
378
371
562
561
559
556
555
553
552
551
550
547
545
538
537
532
526
525
521
520
514
507
503
498
497
491
490
483
477
476
472
471
464
463
458
457
451
450
446
445
437
436
432
431
427
426
422
421
415
414
411
410
406
405
401
400
394
393
389
388
383
382
379
378
371
370
366
365
562
561
559
556
555
553
552
551
550
547
545
538
537
532
526
525
521
520
514
507
503
498
497
491
490
483
477
476
472
471
464
463
458
457
451
450
446
445
437
436
432
431
427
426
422
421
415
414
411
410
406
405
401
400
394
393
389
388
383
382
379
378
371
370
366
365
361
360
358
562
561
559
556
555
553
552
551
550
547
545
538
537
532
526
525
521
520
514
507
503
498
497
491
490
483
477
476
472
471
464
463
458
457
451
450
446
445
437
436
432
431
427
426
422
421
415
414
411
410
406
405
401
400
394
393
389
388
383
382
379
378
371
370
366
365
361
360
358
350
349
345
562
561
559
556
555
553
552
551
550
547
545
538
537
532
526
525
521
520
514
507
503
498
497
491
490
483
477
476
472
471
464
463
458
457
451
450
446
445
437
436
432
431
427
426
422
421
415
414
411
410
406
405
401
400
394
393
389
388
383
382
379
378
371
370
366
365
361
360
358
350
349
345
340
339
333
562
561
559
556
555
553
552
551
550
547
545
538
537
532
526
525
521
520
514
507
503
498
497
491
490
483
477
476
472
471
464
463
458
457
451
450
446
445
437
436
432
431
427
426
422
421
415
414
411
410
406
405
401
400
394
393
389
388
383
382
379
378
371
370
366
365
361
360
358
350
349
345
340
339
333
323
322
316
562
561
559
556
555
553
552
551
550
547
545
538
537
532
526
525
521
520
514
507
503
498
497
491
490
483
477
476
472
471
464
463
458
457
451
450
446
445
437
436
432
431
427
426
422
421
415
414
411
410
406
405
401
400
394
393
389
388
383
382
379
378
371
370
366
365
361
360
358
350
349
345
340
339
333
323
322
316
315
312
311
562
561
559
556
555
553
552
551
550
547
545
538
537
532
526
525
521
520
514
507
503
498
497
491
490
483
477
476
472
471
464
463
458
457
451
450
446
445
437
436
432
431
427
426
422
421
415
414
411
410
406
405
401
400
394
393
389
388
383
382
379
378
371
370
366
365
361
360
358
350
349
345
340
339
333
323
322
316
315
312
311
306
298
297
562
561
559
556
555
553
552
551
550
547
545
538
537
532
526
525
521
520
514
507
503
498
497
491
490
483
477
476
472
471
464
463
458
457
451
450
446
445
437
436
432
431
427
426
422
421
415
414
411
410
406
405
401
400
394
393
389
388
383
382
379
378
371
370
366
365
361
360
358
350
349
345
340
339
333
323
322
316
315
312
311
306
298
297
291
290
286
562
561
559
556
555
553
552
551
550
547
545
538
537
532
526
525
521
520
514
507
503
498
497
491
490
483
477
476
472
471
464
463
458
457
451
450
446
445
437
436
432
431
427
426
422
421
415
414
411
410
406
405
401
400
394
393
389
388
383
382
379
378
371
370
366
365
361
360
358
350
349
345
340
339
333
323
322
316
315
312
311
306
298
297
291
290
286
285
280
279
562
561
559
556
555
553
552
551
550
547
545
538
537
532
526
525
521
520
514
507
503
498
497
491
490
483
477
476
472
471
464
463
458
457
451
450
446
445
437
436
432
431
427
426
422
421
415
414
411
410
406
405
401
400
394
393
389
388
383
382
379
378
371
370
366
365
361
360
358
350
349
345
340
339
333
323
322
316
315
312
311
306
298
297
291
290
286
285
280
279
266
265
260
562
561
559
556
555
553
552
551
550
547
545
538
537
532
526
525
521
520
514
507
503
498
497
491
490
483
477
476
472
471
464
463
458
457
451
450
446
445
437
436
432
431
427
426
422
421
415
414
411
410
406
405
401
400
394
393
389
388
383
382
379
378
371
370
366
365
361
360
358
350
349
345
340
339
333
323
322
316
315
312
311
306
298
297
291
290
286
285
280
279
266
265
260
259
254
253
562
561
559
556
555
553
552
551
550
547
545
538
537
532
526
525
521
520
514
507
503
498
497
491
490
483
477
476
472
471
464
463
458
457
451
450
446
445
437
436
432
431
427
426
422
421
415
414
411
410
406
405
401
400
394
393
389
388
383
382
379
378
371
370
366
365
361
360
358
350
349
345
340
339
333
323
322
316
315
312
311
306
298
297
291
290
286
285
280
279
266
265
260
259
254
253
250
249
245
562
561
559
556
555
553
552
551
550
547
545
538
537
532
526
525
521
520
514
507
503
498
497
491
490
483
477
476
472
471
464
463
458
457
451
450
446
445
437
436
432
431
427
426
422
421
415
414
411
410
406
405
401
400
394
393
389
388
383
382
379
378
371
370
366
365
361
360
358
350
349
345
340
339
333
323
322
316
315
312
311
306
298
297
291
290
286
285
280
279
266
265
260
259
254
253
250
249
245
244
239
238
562
561
559
556
555
553
552
551
550
547
545
538
537
532
526
525
521
520
514
507
503
498
497
491
490
483
477
476
472
471
464
463
458
457
451
450
446
445
437
436
432
431
427
426
422
421
415
414
411
410
406
405
401
400
394
393
389
388
383
382
379
378
371
370
366
365
361
360
358
350
349
345
340
339
333
323
322
316
315
312
311
306
298
297
291
290
286
285
280
279
266
265
260
259
254
253
250
249
245
244
239
238
237
236
233
562
561
559
556
555
553
552
551
550
547
545
538
537
532
526
525
521
520
514
507
503
498
497
491
490
483
477
476
472
471
464
463
458
457
451
450
446
445
437
436
432
431
427
426
422
421
415
414
411
410
406
405
401
400
394
393
389
388
383
382
379
378
371
370
366
365
361
360
358
350
349
345
340
339
333
323
322
316
315
312
311
306
298
297
291
290
286
285
280
279
266
265
260
259
254
253
250
249
245
244
239
238
237
236
233
232
228
227
562
561
559
556
555
553
552
551
550
547
545
538
537
532
526
525
521
520
514
507
503
498
497
491
490
483
477
476
472
471
464
463
458
457
451
450
446
445
437
436
432
431
427
426
422
421
415
414
411
410
406
405
401
400
394
393
389
388
383
382
379
378
371
370
366
365
361
360
358
350
349
345
340
339
333
323
322
316
315
312
311
306
298
297
291
290
286
285
280
279
266
265
260
259
254
253
250
249
245
244
239
238
237
236
233
232
228
227
226
225
223
562
561
559
556
555
553
552
551
550
547
545
538
537
532
526
525
521
520
514
507
503
498
497
491
490
483
477
476
472
471
464
463
458
457
451
450
446
445
437
436
432
431
427
426
422
421
415
414
411
410
406
405
401
400
394
393
389
388
383
382
379
378
371
370
366
365
361
360
358
350
349
345
340
339
333
323
322
316
315
312
311
306
298
297
291
290
286
285
280
279
266
265
260
259
254
253
250
249
245
244
239
238
237
236
233
232
228
227
226
225
223
221
220
219
562
561
559
556
555
553
552
551
550
547
545
538
537
532
526
525
521
520
514
507
503
498
497
491
490
483
477
476
472
471
464
463
458
457
451
450
446
445
437
436
432
431
427
426
422
421
415
414
411
410
406
405
401
400
394
393
389
388
383
382
379
378
371
370
366
365
361
360
358
350
349
345
340
339
333
323
322
316
315
312
311
306
298
297
291
290
286
285
280
279
266
265
260
259
254
253
250
249
245
244
239
238
237
236
233
232
228
227
226
225
223
221
220
219
217
215
214
562
561
559
556
555
553
552
551
550
547
545
538
537
532
526
525
521
520
514
507
503
498
497
491
490
483
477
476
472
471
464
463
458
457
451
450
446
445
437
436
432
431
427
426
422
421
415
414
411
410
406
405
401
400
394
393
389
388
383
382
379
378
371
370
366
365
361
360
358
350
349
345
340
339
333
323
322
316
315
312
311
306
298
297
291
290
286
285
280
279
266
265
260
259
254
253
250
249
245
244
239
238
237
236
233
232
228
227
226
225
223
221
220
219
217
215
214
213
212
211
562
561
559
556
555
553
552
551
550
547
545
538
537
532
526
525
521
520
514
507
503
498
497
491
490
483
477
476
472
471
464
463
458
457
451
450
446
445
437
436
432
431
427
426
422
421
415
414
411
410
406
405
401
400
394
393
389
388
383
382
379
378
371
370
366
365
361
360
358
350
349
345
340
339
333
323
322
316
315
312
311
306
298
297
291
290
286
285
280
279
266
265
260
259
254
253
250
249
245
244
239
238
237
236
233
232
228
227
226
225
223
221
220
219
217
215
214
213
212
211
210
209
208
562
561
559
556
555
553
552
551
550
547
545
538
537
532
526
525
521
520
514
507
503
498
497
491
490
483
477
476
472
471
464
463
458
457
451
450
446
445
437
436
432
431
427
426
422
421
415
414
411
410
406
405
401
400
394
393
389
388
383
382
379
378
371
370
366
365
361
360
358
350
349
345
340
339
333
323
322
316
315
312
311
306
298
297
291
290
286
285
280
279
266
265
260
259
254
253
250
249
245
244
239
238
237
236
233
232
228
227
226
225
223
221
220
219
217
215
214
213
212
211
210
209
208
207
205
204
562
561
559
556
555
553
552
551
550
547
545
538
537
532
526
525
521
520
514
507
503
498
497
491
490
483
477
476
472
471
464
463
458
457
451
450
446
445
437
436
432
431
427
426
422
421
415
414
411
410
406
405
401
400
394
393
389
388
383
382
379
378
371
370
366
365
361
360
358
350
349
345
340
339
333
323
322
316
315
312
311
306
298
297
291
290
286
285
280
279
266
265
260
259
254
253
250
249
245
244
239
238
237
236
233
232
228
227
226
225
223
221
220
219
217
215
214
213
212
211
210
209
208
207
205
204
203
202
201
562
561
559
556
555
553
552
551
550
547
545
538
537
532
526
525
521
520
514
507
503
498
497
491
490
483
477
476
472
471
464
463
458
457
451
450
446
445
437
436
432
431
427
426
422
421
415
414
411
410
406
405
401
400
394
393
389
388
383
382
379
378
371
370
366
365
361
360
358
350
349
345
340
339
333
323
322
316
315
312
311
306
298
297
291
290
286
285
280
279
266
265
260
259
254
253
250
249
245
244
239
238
237
236
233
232
228
227
226
225
223
221
220
219
217
215
214
213
212
211
210
209
208
207
205
204
203
202
201
200
199
198
562
561
559
556
555
553
552
551
550
547
545
538
537
532
526
525
521
520
514
507
503
498
497
491
490
483
477
476
472
471
464
463
458
457
451
450
446
445
437
436
432
431
427
426
422
421
415
414
411
410
406
405
401
400
394
393
389
388
383
382
379
378
371
370
366
365
361
360
358
350
349
345
340
339
333
323
322
316
315
312
311
306
298
297
291
290
286
285
280
279
266
265
260
259
254
253
250
249
245
244
239
238
237
236
233
232
228
227
226
225
223
221
220
219
217
215
214
213
212
211
210
209
208
207
205
204
203
202
201
200
199
198
197
196
195
562
561
559
556
555
553
552
551
550
547
545
538
537
532
526
525
521
520
514
507
503
498
497
491
490
483
477
476
472
471
464
463
458
457
451
450
446
445
437
436
432
431
427
426
422
421
415
414
411
410
406
405
401
400
394
393
389
388
383
382
379
378
371
370
366
365
361
360
358
350
349
345
340
339
333
323
322
316
315
312
311
306
298
297
291
290
286
285
280
279
266
265
260
259
254
253
250
249
245
244
239
238
237
236
233
232
228
227
226
225
223
221
220
219
217
215
214
213
212
211
210
209
208
207
205
204
203
202
201
200
199
198
197
196
195
194
193
192
569
570
576
569
570
576
577
584
585
