0
2
3
4
2
3
4
6
8
9
2
3
4
6
8
9
10
12
14
2
3
4
6
8
9
10
12
14
33
34
35
2
3
4
6
8
9
10
12
14
33
34
35
36
37
39
2
3
4
6
8
9
10
12
14
33
34
35
36
37
39
40
41
42
2
3
4
6
8
9
10
12
14
33
34
35
36
37
39
40
41
42
43
44
45
2
3
4
6
8
9
10
12
14
33
34
35
36
37
39
40
41
42
43
44
45
46
47
48
2
3
4
6
8
9
10
12
14
33
34
35
36
37
39
40
41
42
43
44
45
46
47
48
49
51
57
2
3
4
6
8
9
10
12
14
33
34
35
36
37
39
40
41
42
43
44
45
46
47
48
49
51
57
59
60
61
2
3
4
6
8
9
10
12
14
33
34
35
36
37
39
40
41
42
43
44
45
46
47
48
49
51
57
59
60
61
64
66
67
2
3
4
6
8
9
10
12
14
33
34
35
36
37
39
40
41
42
43
44
45
46
47
48
49
51
57
59
60
61
64
66
67
69
70
71
2
3
4
6
8
9
10
12
14
33
34
35
36
37
39
40
41
42
43
44
45
46
47
48
49
51
57
59
60
61
64
66
67
69
70
71
72
73
74
2
3
4
6
8
9
10
12
14
33
34
35
36
37
39
40
41
42
43
44
45
46
47
48
49
51
57
59
60
61
64
66
67
69
70
71
72
73
74
75
76
77
2
3
4
6
8
9
10
12
14
33
34
35
36
37
39
40
41
42
43
44
45
46
47
48
49
51
57
59
60
61
64
66
67
69
70
71
72
73
74
75
76
77
78
79
80
2
3
4
6
8
9
10
12
14
33
34
35
36
37
39
40
41
42
43
44
45
46
47
48
49
51
57
59
60
61
64
66
67
69
70
71
72
73
74
75
76
77
78
79
80
81
82
83
2
3
4
6
8
9
10
12
14
33
34
35
36
37
39
40
41
42
43
44
45
46
47
48
49
51
57
59
60
61
64
66
67
69
70
71
72
73
74
75
76
77
78
79
80
81
82
83
84
89
91
2
3
4
6
8
9
10
12
14
33
34
35
36
37
39
40
41
42
43
44
45
46
47
48
49
51
57
59
60
61
64
66
67
69
70
71
72
73
74
75
76
77
78
79
80
81
82
83
84
89
91
92
93
95
2
3
4
6
8
9
10
12
14
33
34
35
36
37
39
40
41
42
43
44
45
46
47
48
49
51
57
59
60
61
64
66
67
69
70
71
72
73
74
75
76
77
78
79
80
81
82
83
84
89
91
92
93
95
96
97
98
2
3
4
6
8
9
10
12
14
33
34
35
36
37
39
40
41
42
43
44
45
46
47
48
49
51
57
59
60
61
64
66
67
69
70
71
72
73
74
75
76
77
78
79
80
81
82
83
84
89
91
92
93
95
96
97
98
100
101
103
2
3
4
6
8
9
10
12
14
33
34
35
36
37
39
40
41
42
43
44
45
46
47
48
49
51
57
59
60
61
64
66
67
69
70
71
72
73
74
75
76
77
78
79
80
81
82
83
84
89
91
92
93
95
96
97
98
100
101
103
106
107
108
2
3
4
6
8
9
10
12
14
33
34
35
36
37
39
40
41
42
43
44
45
46
47
48
49
51
57
59
60
61
64
66
67
69
70
71
72
73
74
75
76
77
78
79
80
81
82
83
84
89
91
92
93
95
96
97
98
100
101
103
106
107
108
109
110
111
2
3
4
6
8
9
10
12
14
33
34
35
36
37
39
40
41
42
43
44
45
46
47
48
49
51
57
59
60
61
64
66
67
69
70
71
72
73
74
75
76
77
78
79
80
81
82
83
84
89
91
92
93
95
96
97
98
100
101
103
106
107
108
109
110
111
114
115
116
2
3
4
6
8
9
10
12
14
33
34
35
36
37
39
40
41
42
43
44
45
46
47
48
49
51
57
59
60
61
64
66
67
69
70
71
72
73
74
75
76
77
78
79
80
81
82
83
84
89
91
92
93
95
96
97
98
100
101
103
106
107
108
109
110
111
114
115
116
118
119
120
2
3
4
6
8
9
10
12
14
33
34
35
36
37
39
40
41
42
43
44
45
46
47
48
49
51
57
59
60
61
64
66
67
69
70
71
72
73
74
75
76
77
78
79
80
81
82
83
84
89
91
92
93
95
96
97
98
100
101
103
106
107
108
109
110
111
114
115
116
118
119
120
123
126
128
2
3
4
6
8
9
10
12
14
33
34
35
36
37
39
40
41
42
43
44
45
46
47
48
49
51
57
59
60
61
64
66
67
69
70
71
72
73
74
75
76
77
78
79
80
81
82
83
84
89
91
92
93
95
96
97
98
100
101
103
106
107
108
109
110
111
114
115
116
118
119
120
123
126
128
130
131
133
2
3
4
6
8
9
10
12
14
33
34
35
36
37
39
40
41
42
43
44
45
46
47
48
49
51
57
59
60
61
64
66
67
69
70
71
72
73
74
75
76
77
78
79
80
81
82
83
84
89
91
92
93
95
96
97
98
100
101
103
106
107
108
109
110
111
114
115
116
118
119
120
123
126
128
130
131
133
134
135
138
2
3
4
6
8
9
10
12
14
33
34
35
36
37
39
40
41
42
43
44
45
46
47
48
49
51
57
59
60
61
64
66
67
69
70
71
72
73
74
75
76
77
78
79
80
81
82
83
84
89
91
92
93
95
96
97
98
100
101
103
106
107
108
109
110
111
114
115
116
118
119
120
123
126
128
130
131
133
134
135
138
139
140
141
2
3
4
6
8
9
10
12
14
33
34
35
36
37
39
40
41
42
43
44
45
46
47
48
49
51
57
59
60
61
64
66
67
69
70
71
72
73
74
75
76
77
78
79
80
81
82
83
84
89
91
92
93
95
96
97
98
100
101
103
106
107
108
109
110
111
114
115
116
118
119
120
123
126
128
130
131
133
134
135
138
139
140
141
142
143
144
2
3
4
6
8
9
10
12
14
33
34
35
36
37
39
40
41
42
43
44
45
46
47
48
49
51
57
59
60
61
64
66
67
69
70
71
72
73
74
75
76
77
78
79
80
81
82
83
84
89
91
92
93
95
96
97
98
100
101
103
106
107
108
109
110
111
114
115
116
118
119
120
123
126
128
130
131
133
134
135
138
139
140
141
142
143
144
145
146
147
2
3
4
6
8
9
10
12
14
33
34
35
36
37
39
40
41
42
43
44
45
46
47
48
49
51
57
59
60
61
64
66
67
69
70
71
72
73
74
75
76
77
78
79
80
81
82
83
84
89
91
92
93
95
96
97
98
100
101
103
106
107
108
109
110
111
114
115
116
118
119
120
123
126
128
130
131
133
134
135
138
139
140
141
142
143
144
145
146
147
148
151
154
2
3
4
6
8
9
10
12
14
33
34
35
36
37
39
40
41
42
43
44
45
46
47
48
49
51
57
59
60
61
64
66
67
69
70
71
72
73
74
75
76
77
78
79
80
81
82
83
84
89
91
92
93
95
96
97
98
100
101
103
106
107
108
109
110
111
114
115
116
118
119
120
123
126
128
130
131
133
134
135
138
139
140
141
142
143
144
145
146
147
148
151
154
160
161
162
2
3
4
6
8
9
10
12
14
33
34
35
36
37
39
40
41
42
43
44
45
46
47
48
49
51
57
59
60
61
64
66
67
69
70
71
72
73
74
75
76
77
78
79
80
81
82
83
84
89
91
92
93
95
96
97
98
100
101
103
106
107
108
109
110
111
114
115
116
118
119
120
123
126
128
130
131
133
134
135
138
139
140
141
142
143
144
145
146
147
148
151
154
160
161
162
163
164
165
2
3
4
6
8
9
10
12
14
33
34
35
36
37
39
40
41
42
43
44
45
46
47
48
49
51
57
59
60
61
64
66
67
69
70
71
72
73
74
75
76
77
78
79
80
81
82
83
84
89
91
92
93
95
96
97
98
100
101
103
106
107
108
109
110
111
114
115
116
118
119
120
123
126
128
130
131
133
134
135
138
139
140
141
142
143
144
145
146
147
148
151
154
160
161
162
163
164
165
166
167
168
2
3
4
6
8
9
10
12
14
33
34
35
36
37
39
40
41
42
43
44
45
46
47
48
49
51
57
59
60
61
64
66
67
69
70
71
72
73
74
75
76
77
78
79
80
81
82
83
84
89
91
92
93
95
96
97
98
100
101
103
106
107
108
109
110
111
114
115
116
118
119
120
123
126
128
130
131
133
134
135
138
139
140
141
142
143
144
145
146
147
148
151
154
160
161
162
163
164
165
166
167
168
169
170
171
2
3
4
6
8
9
10
12
14
33
34
35
36
37
39
40
41
42
43
44
45
46
47
48
49
51
57
59
60
61
64
66
67
69
70
71
72
73
74
75
76
77
78
79
80
81
82
83
84
89
91
92
93
95
96
97
98
100
101
103
106
107
108
109
110
111
114
115
116
118
119
120
123
126
128
130
131
133
134
135
138
139
140
141
142
143
144
145
146
147
148
151
154
160
161
162
163
164
165
166
167
168
169
170
171
172
173
174
2
3
4
6
8
9
10
12
14
33
34
35
36
37
39
40
41
42
43
44
45
46
47
48
49
51
57
59
60
61
64
66
67
69
70
71
72
73
74
75
76
77
78
79
80
81
82
83
84
89
91
92
93
95
96
97
98
100
101
103
106
107
108
109
110
111
114
115
116
118
119
120
123
126
128
130
131
133
134
135
138
139
140
141
142
143
144
145
146
147
148
151
154
160
161
162
163
164
165
166
167
168
169
170
171
172
173
174
175
189
215
2
3
4
6
8
9
10
12
14
33
34
35
36
37
39
40
41
42
43
44
45
46
47
48
49
51
57
59
60
61
64
66
67
69
70
71
72
73
74
75
76
77
78
79
80
81
82
83
84
89
91
92
93
95
96
97
98
100
101
103
106
107
108
109
110
111
114
115
116
118
119
120
123
126
128
130
131
133
134
135
138
139
140
141
142
143
144
145
146
147
148
151
154
160
161
162
163
164
165
166
167
168
169
170
171
172
173
174
175
189
215
216
217
218
2
3
4
6
8
9
10
12
14
33
34
35
36
37
39
40
41
42
43
44
45
46
47
48
49
51
57
59
60
61
64
66
67
69
70
71
72
73
74
75
76
77
78
79
80
81
82
83
84
89
91
92
93
95
96
97
98
100
101
103
106
107
108
109
110
111
114
115
116
118
119
120
123
126
128
130
131
133
134
135
138
139
140
141
142
143
144
145
146
147
148
151
154
160
161
162
163
164
165
166
167
168
169
170
171
172
173
174
175
189
215
216
217
218
220
221
222
2
3
4
6
8
9
10
12
14
33
34
35
36
37
39
40
41
42
43
44
45
46
47
48
49
51
57
59
60
61
64
66
67
69
70
71
72
73
74
75
76
77
78
79
80
81
82
83
84
89
91
92
93
95
96
97
98
100
101
103
106
107
108
109
110
111
114
115
116
118
119
120
123
126
128
130
131
133
134
135
138
139
140
141
142
143
144
145
146
147
148
151
154
160
161
162
163
164
165
166
167
168
169
170
171
172
173
174
175
189
215
216
217
218
220
221
222
223
238
239
2
3
4
6
8
9
10
12
14
33
34
35
36
37
39
40
41
42
43
44
45
46
47
48
49
51
57
59
60
61
64
66
67
69
70
71
72
73
74
75
76
77
78
79
80
81
82
83
84
89
91
92
93
95
96
97
98
100
101
103
106
107
108
109
110
111
114
115
116
118
119
120
123
126
128
130
131
133
134
135
138
139
140
141
142
143
144
145
146
147
148
151
154
160
161
162
163
164
165
166
167
168
169
170
171
172
173
174
175
189
215
216
217
218
220
221
222
223
238
239
240
241
242
2
3
4
6
8
9
10
12
14
33
34
35
36
37
39
40
41
42
43
44
45
46
47
48
49
51
57
59
60
61
64
66
67
69
70
71
72
73
74
75
76
77
78
79
80
81
82
83
84
89
91
92
93
95
96
97
98
100
101
103
106
107
108
109
110
111
114
115
116
118
119
120
123
126
128
130
131
133
134
135
138
139
140
141
142
143
144
145
146
147
148
151
154
160
161
162
163
164
165
166
167
168
169
170
171
172
173
174
175
189
215
216
217
218
220
221
222
223
238
239
240
241
242
243
244
245
2
3
4
6
8
9
10
12
14
33
34
35
36
37
39
40
41
42
43
44
45
46
47
48
49
51
57
59
60
61
64
66
67
69
70
71
72
73
74
75
76
77
78
79
80
81
82
83
84
89
91
92
93
95
96
97
98
100
101
103
106
107
108
109
110
111
114
115
116
118
119
120
123
126
128
130
131
133
134
135
138
139
140
141
142
143
144
145
146
147
148
151
154
160
161
162
163
164
165
166
167
168
169
170
171
172
173
174
175
189
215
216
217
218
220
221
222
223
238
239
240
241
242
243
244
245
246
264
265
2
3
4
6
8
9
10
12
14
33
34
35
36
37
39
40
41
42
43
44
45
46
47
48
49
51
57
59
60
61
64
66
67
69
70
71
72
73
74
75
76
77
78
79
80
81
82
83
84
89
91
92
93
95
96
97
98
100
101
103
106
107
108
109
110
111
114
115
116
118
119
120
123
126
128
130
131
133
134
135
138
139
140
141
142
143
144
145
146
147
148
151
154
160
161
162
163
164
165
166
167
168
169
170
171
172
173
174
175
189
215
216
217
218
220
221
222
223
238
239
240
241
242
243
244
245
246
264
265
291
292
293
2
3
4
6
8
9
10
12
14
33
34
35
36
37
39
40
41
42
43
44
45
46
47
48
49
51
57
59
60
61
64
66
67
69
70
71
72
73
74
75
76
77
78
79
80
81
82
83
84
89
91
92
93
95
96
97
98
100
101
103
106
107
108
109
110
111
114
115
116
118
119
120
123
126
128
130
131
133
134
135
138
139
140
141
142
143
144
145
146
147
148
151
154
160
161
162
163
164
165
166
167
168
169
170
171
172
173
174
175
189
215
216
217
218
220
221
222
223
238
239
240
241
242
243
244
245
246
264
265
291
292
293
294
295
296
2
3
4
6
8
9
10
12
14
33
34
35
36
37
39
40
41
42
43
44
45
46
47
48
49
51
57
59
60
61
64
66
67
69
70
71
72
73
74
75
76
77
78
79
80
81
82
83
84
89
91
92
93
95
96
97
98
100
101
103
106
107
108
109
110
111
114
115
116
118
119
120
123
126
128
130
131
133
134
135
138
139
140
141
142
143
144
145
146
147
148
151
154
160
161
162
163
164
165
166
167
168
169
170
171
172
173
174
175
189
215
216
217
218
220
221
222
223
238
239
240
241
242
243
244
245
246
264
265
291
292
293
294
295
296
297
347
348
2
3
4
6
8
9
10
12
14
33
34
35
36
37
39
40
41
42
43
44
45
46
47
48
49
51
57
59
60
61
64
66
67
69
70
71
72
73
74
75
76
77
78
79
80
81
82
83
84
89
91
92
93
95
96
97
98
100
101
103
106
107
108
109
110
111
114
115
116
118
119
120
123
126
128
130
131
133
134
135
138
139
140
141
142
143
144
145
146
147
148
151
154
160
161
162
163
164
165
166
167
168
169
170
171
172
173
174
175
189
215
216
217
218
220
221
222
223
238
239
240
241
242
243
244
245
246
264
265
291
292
293
294
295
296
297
347
348
349
351
372
2
3
4
6
8
9
10
12
14
33
34
35
36
37
39
40
41
42
43
44
45
46
47
48
49
51
57
59
60
61
64
66
67
69
70
71
72
73
74
75
76
77
78
79
80
81
82
83
84
89
91
92
93
95
96
97
98
100
101
103
106
107
108
109
110
111
114
115
116
118
119
120
123
126
128
130
131
133
134
135
138
139
140
141
142
143
144
145
146
147
148
151
154
160
161
162
163
164
165
166
167
168
169
170
171
172
173
174
175
189
215
216
217
218
220
221
222
223
238
239
240
241
242
243
244
245
246
264
265
291
292
293
294
295
296
297
347
348
349
351
372
373
374
375
2
3
4
6
8
9
10
12
14
33
34
35
36
37
39
40
41
42
43
44
45
46
47
48
49
51
57
59
60
61
64
66
67
69
70
71
72
73
74
75
76
77
78
79
80
81
82
83
84
89
91
92
93
95
96
97
98
100
101
103
106
107
108
109
110
111
114
115
116
118
119
120
123
126
128
130
131
133
134
135
138
139
140
141
142
143
144
145
146
147
148
151
154
160
161
162
163
164
165
166
167
168
169
170
171
172
173
174
175
189
215
216
217
218
220
221
222
223
238
239
240
241
242
243
244
245
246
264
265
291
292
293
294
295
296
297
347
348
349
351
372
373
374
375
402
403
404
2
3
4
6
8
9
10
12
14
33
34
35
36
37
39
40
41
42
43
44
45
46
47
48
49
51
57
59
60
61
64
66
67
69
70
71
72
73
74
75
76
77
78
79
80
81
82
83
84
89
91
92
93
95
96
97
98
100
101
103
106
107
108
109
110
111
114
115
116
118
119
120
123
126
128
130
131
133
134
135
138
139
140
141
142
143
144
145
146
147
148
151
154
160
161
162
163
164
165
166
167
168
169
170
171
172
173
174
175
189
215
216
217
218
220
221
222
223
238
239
240
241
242
243
244
245
246
264
265
291
292
293
294
295
296
297
347
348
349
351
372
373
374
375
402
403
404
427
428
429
2
3
4
6
8
9
10
12
14
33
34
35
36
37
39
40
41
42
43
44
45
46
47
48
49
51
57
59
60
61
64
66
67
69
70
71
72
73
74
75
76
77
78
79
80
81
82
83
84
89
91
92
93
95
96
97
98
100
101
103
106
107
108
109
110
111
114
115
116
118
119
120
123
126
128
130
131
133
134
135
138
139
140
141
142
143
144
145
146
147
148
151
154
160
161
162
163
164
165
166
167
168
169
170
171
172
173
174
175
189
215
216
217
218
220
221
222
223
238
239
240
241
242
243
244
245
246
264
265
291
292
293
294
295
296
297
347
348
349
351
372
373
374
375
402
403
404
427
428
429
432
433
434
2
3
4
6
8
9
10
12
14
33
34
35
36
37
39
40
41
42
43
44
45
46
47
48
49
51
57
59
60
61
64
66
67
69
70
71
72
73
74
75
76
77
78
79
80
81
82
83
84
89
91
92
93
95
96
97
98
100
101
103
106
107
108
109
110
111
114
115
116
118
119
120
123
126
128
130
131
133
134
135
138
139
140
141
142
143
144
145
146
147
148
151
154
160
161
162
163
164
165
166
167
168
169
170
171
172
173
174
175
189
215
216
217
218
220
221
222
223
238
239
240
241
242
243
244
245
246
264
265
291
292
293
294
295
296
297
347
348
349
351
372
373
374
375
402
403
404
427
428
429
432
433
434
439
440
444
2
3
4
6
8
9
10
12
14
33
34
35
36
37
39
40
41
42
43
44
45
46
47
48
49
51
57
59
60
61
64
66
67
69
70
71
72
73
74
75
76
77
78
79
80
81
82
83
84
89
91
92
93
95
96
97
98
100
101
103
106
107
108
109
110
111
114
115
116
118
119
120
123
126
128
130
131
133
134
135
138
139
140
141
142
143
144
145
146
147
148
151
154
160
161
162
163
164
165
166
167
168
169
170
171
172
173
174
175
189
215
216
217
218
220
221
222
223
238
239
240
241
242
243
244
245
246
264
265
291
292
293
294
295
296
297
347
348
349
351
372
373
374
375
402
403
404
427
428
429
432
433
434
439
440
444
445
446
447
2
3
4
6
8
9
10
12
14
33
34
35
36
37
39
40
41
42
43
44
45
46
47
48
49
51
57
59
60
61
64
66
67
69
70
71
72
73
74
75
76
77
78
79
80
81
82
83
84
89
91
92
93
95
96
97
98
100
101
103
106
107
108
109
110
111
114
115
116
118
119
120
123
126
128
130
131
133
134
135
138
139
140
141
142
143
144
145
146
147
148
151
154
160
161
162
163
164
165
166
167
168
169
170
171
172
173
174
175
189
215
216
217
218
220
221
222
223
238
239
240
241
242
243
244
245
246
264
265
291
292
293
294
295
296
297
347
348
349
351
372
373
374
375
402
403
404
427
428
429
432
433
434
439
440
444
445
446
447
448
449
450
2
3
4
6
8
9
10
12
14
33
34
35
36
37
39
40
41
42
43
44
45
46
47
48
49
51
57
59
60
61
64
66
67
69
70
71
72
73
74
75
76
77
78
79
80
81
82
83
84
89
91
92
93
95
96
97
98
100
101
103
106
107
108
109
110
111
114
115
116
118
119
120
123
126
128
130
131
133
134
135
138
139
140
141
142
143
144
145
146
147
148
151
154
160
161
162
163
164
165
166
167
168
169
170
171
172
173
174
175
189
215
216
217
218
220
221
222
223
238
239
240
241
242
243
244
245
246
264
265
291
292
293
294
295
296
297
347
348
349
351
372
373
374
375
402
403
404
427
428
429
432
433
434
439
440
444
445
446
447
448
449
450
451
452
453
2
3
4
6
8
9
10
12
14
33
34
35
36
37
39
40
41
42
43
44
45
46
47
48
49
51
57
59
60
61
64
66
67
69
70
71
72
73
74
75
76
77
78
79
80
81
82
83
84
89
91
92
93
95
96
97
98
100
101
103
106
107
108
109
110
111
114
115
116
118
119
120
123
126
128
130
131
133
134
135
138
139
140
141
142
143
144
145
146
147
148
151
154
160
161
162
163
164
165
166
167
168
169
170
171
172
173
174
175
189
215
216
217
218
220
221
222
223
238
239
240
241
242
243
244
245
246
264
265
291
292
293
294
295
296
297
347
348
349
351
372
373
374
375
402
403
404
427
428
429
432
433
434
439
440
444
445
446
447
448
449
450
451
452
453
454
455
481
2
3
4
6
8
9
10
12
14
33
34
35
36
37
39
40
41
42
43
44
45
46
47
48
49
51
57
59
60
61
64
66
67
69
70
71
72
73
74
75
76
77
78
79
80
81
82
83
84
89
91
92
93
95
96
97
98
100
101
103
106
107
108
109
110
111
114
115
116
118
119
120
123
126
128
130
131
133
134
135
138
139
140
141
142
143
144
145
146
147
148
151
154
160
161
162
163
164
165
166
167
168
169
170
171
172
173
174
175
189
215
216
217
218
220
221
222
223
238
239
240
241
242
243
244
245
246
264
265
291
292
293
294
295
296
297
347
348
349
351
372
373
374
375
402
403
404
427
428
429
432
433
434
439
440
444
445
446
447
448
449
450
451
452
453
454
455
481
482
483
485
2
3
4
6
8
9
10
12
14
33
34
35
36
37
39
40
41
42
43
44
45
46
47
48
49
51
57
59
60
61
64
66
67
69
70
71
72
73
74
75
76
77
78
79
80
81
82
83
84
89
91
92
93
95
96
97
98
100
101
103
106
107
108
109
110
111
114
115
116
118
119
120
123
126
128
130
131
133
134
135
138
139
140
141
142
143
144
145
146
147
148
151
154
160
161
162
163
164
165
166
167
168
169
170
171
172
173
174
175
189
215
216
217
218
220
221
222
223
238
239
240
241
242
243
244
245
246
264
265
291
292
293
294
295
296
297
347
348
349
351
372
373
374
375
402
403
404
427
428
429
432
433
434
439
440
444
445
446
447
448
449
450
451
452
453
454
455
481
482
483
485
487
489
491
2
3
4
6
8
9
10
12
14
33
34
35
36
37
39
40
41
42
43
44
45
46
47
48
49
51
57
59
60
61
64
66
67
69
70
71
72
73
74
75
76
77
78
79
80
81
82
83
84
89
91
92
93
95
96
97
98
100
101
103
106
107
108
109
110
111
114
115
116
118
119
120
123
126
128
130
131
133
134
135
138
139
140
141
142
143
144
145
146
147
148
151
154
160
161
162
163
164
165
166
167
168
169
170
171
172
173
174
175
189
215
216
217
218
220
221
222
223
238
239
240
241
242
243
244
245
246
264
265
291
292
293
294
295
296
297
347
348
349
351
372
373
374
375
402
403
404
427
428
429
432
433
434
439
440
444
445
446
447
448
449
450
451
452
453
454
455
481
482
483
485
487
489
491
522
525
526
2
3
4
6
8
9
10
12
14
33
34
35
36
37
39
40
41
42
43
44
45
46
47
48
49
51
57
59
60
61
64
66
67
69
70
71
72
73
74
75
76
77
78
79
80
81
82
83
84
89
91
92
93
95
96
97
98
100
101
103
106
107
108
109
110
111
114
115
116
118
119
120
123
126
128
130
131
133
134
135
138
139
140
141
142
143
144
145
146
147
148
151
154
160
161
162
163
164
165
166
167
168
169
170
171
172
173
174
175
189
215
216
217
218
220
221
222
223
238
239
240
241
242
243
244
245
246
264
265
291
292
293
294
295
296
297
347
348
349
351
372
373
374
375
402
403
404
427
428
429
432
433
434
439
440
444
445
446
447
448
449
450
451
452
453
454
455
481
482
483
485
487
489
491
522
525
526
527
538
562
2
3
4
6
8
9
10
12
14
33
34
35
36
37
39
40
41
42
43
44
45
46
47
48
49
51
57
59
60
61
64
66
67
69
70
71
72
73
74
75
76
77
78
79
80
81
82
83
84
89
91
92
93
95
96
97
98
100
101
103
106
107
108
109
110
111
114
115
116
118
119
120
123
126
128
130
131
133
134
135
138
139
140
141
142
143
144
145
146
147
148
151
154
160
161
162
163
164
165
166
167
168
169
170
171
172
173
174
175
189
215
216
217
218
220
221
222
223
238
239
240
241
242
243
244
245
246
264
265
291
292
293
294
295
296
297
347
348
349
351
372
373
374
375
402
403
404
427
428
429
432
433
434
439
440
444
445
446
447
448
449
450
451
452
453
454
455
481
482
483
485
487
489
491
522
525
526
527
538
562
563
564
565
2
3
4
6
8
9
10
12
14
33
34
35
36
37
39
40
41
42
43
44
45
46
47
48
49
51
57
59
60
61
64
66
67
69
70
71
72
73
74
75
76
77
78
79
80
81
82
83
84
89
91
92
93
95
96
97
98
100
101
103
106
107
108
109
110
111
114
115
116
118
119
120
123
126
128
130
131
133
134
135
138
139
140
141
142
143
144
145
146
147
148
151
154
160
161
162
163
164
165
166
167
168
169
170
171
172
173
174
175
189
215
216
217
218
220
221
222
223
238
239
240
241
242
243
244
245
246
264
265
291
292
293
294
295
296
297
347
348
349
351
372
373
374
375
402
403
404
427
428
429
432
433
434
439
440
444
445
446
447
448
449
450
451
452
453
454
455
481
482
483
485
487
489
491
522
525
526
527
538
562
563
564
565
566
567
568
2
3
4
6
8
9
10
12
14
33
34
35
36
37
39
40
41
42
43
44
45
46
47
48
49
51
57
59
60
61
64
66
67
69
70
71
72
73
74
75
76
77
78
79
80
81
82
83
84
89
91
92
93
95
96
97
98
100
101
103
106
107
108
109
110
111
114
115
116
118
119
120
123
126
128
130
131
133
134
135
138
139
140
141
142
143
144
145
146
147
148
151
154
160
161
162
163
164
165
166
167
168
169
170
171
172
173
174
175
189
215
216
217
218
220
221
222
223
238
239
240
241
242
243
244
245
246
264
265
291
292
293
294
295
296
297
347
348
349
351
372
373
374
375
402
403
404
427
428
429
432
433
434
439
440
444
445
446
447
448
449
450
451
452
453
454
455
481
482
483
485
487
489
491
522
525
526
527
538
562
563
564
565
566
567
568
569
570
571
2
3
4
6
8
9
10
12
14
33
34
35
36
37
39
40
41
42
43
44
45
46
47
48
49
51
57
59
60
61
64
66
67
69
70
71
72
73
74
75
76
77
78
79
80
81
82
83
84
89
91
92
93
95
96
97
98
100
101
103
106
107
108
109
110
111
114
115
116
118
119
120
123
126
128
130
131
133
134
135
138
139
140
141
142
143
144
145
146
147
148
151
154
160
161
162
163
164
165
166
167
168
169
170
171
172
173
174
175
189
215
216
217
218
220
221
222
223
238
239
240
241
242
243
244
245
246
264
265
291
292
293
294
295
296
297
347
348
349
351
372
373
374
375
402
403
404
427
428
429
432
433
434
439
440
444
445
446
447
448
449
450
451
452
453
454
455
481
482
483
485
487
489
491
522
525
526
527
538
562
563
564
565
566
567
568
569
570
571
572
573
574
2
3
4
6
8
9
10
12
14
33
34
35
36
37
39
40
41
42
43
44
45
46
47
48
49
51
57
59
60
61
64
66
67
69
70
71
72
73
74
75
76
77
78
79
80
81
82
83
84
89
91
92
93
95
96
97
98
100
101
103
106
107
108
109
110
111
114
115
116
118
119
120
123
126
128
130
131
133
134
135
138
139
140
141
142
143
144
145
146
147
148
151
154
160
161
162
163
164
165
166
167
168
169
170
171
172
173
174
175
189
215
216
217
218
220
221
222
223
238
239
240
241
242
243
244
245
246
264
265
291
292
293
294
295
296
297
347
348
349
351
372
373
374
375
402
403
404
427
428
429
432
433
434
439
440
444
445
446
447
448
449
450
451
452
453
454
455
481
482
483
485
487
489
491
522
525
526
527
538
562
563
564
565
566
567
568
569
570
571
572
573
574
575
576
577
2
3
4
6
8
9
10
12
14
33
34
35
36
37
39
40
41
42
43
44
45
46
47
48
49
51
57
59
60
61
64
66
67
69
70
71
72
73
74
75
76
77
78
79
80
81
82
83
84
89
91
92
93
95
96
97
98
100
101
103
106
107
108
109
110
111
114
115
116
118
119
120
123
126
128
130
131
133
134
135
138
139
140
141
142
143
144
145
146
147
148
151
154
160
161
162
163
164
165
166
167
168
169
170
171
172
173
174
175
189
215
216
217
218
220
221
222
223
238
239
240
241
242
243
244
245
246
264
265
291
292
293
294
295
296
297
347
348
349
351
372
373
374
375
402
403
404
427
428
429
432
433
434
439
440
444
445
446
447
448
449
450
451
452
453
454
455
481
482
483
485
487
489
491
522
525
526
527
538
562
563
564
565
566
567
568
569
570
571
572
573
574
575
576
577
578
579
580
2
3
4
6
8
9
10
12
14
33
34
35
36
37
39
40
41
42
43
44
45
46
47
48
49
51
57
59
60
61
64
66
67
69
70
71
72
73
74
75
76
77
78
79
80
81
82
83
84
89
91
92
93
95
96
97
98
100
101
103
106
107
108
109
110
111
114
115
116
118
119
120
123
126
128
130
131
133
134
135
138
139
140
141
142
143
144
145
146
147
148
151
154
160
161
162
163
164
165
166
167
168
169
170
171
172
173
174
175
189
215
216
217
218
220
221
222
223
238
239
240
241
242
243
244
245
246
264
265
291
292
293
294
295
296
297
347
348
349
351
372
373
374
375
402
403
404
427
428
429
432
433
434
439
440
444
445
446
447
448
449
450
451
452
453
454
455
481
482
483
485
487
489
491
522
525
526
527
538
562
563
564
565
566
567
568
569
570
571
572
573
574
575
576
577
578
579
580
581
582
583
2
3
4
6
8
9
10
12
14
33
34
35
36
37
39
40
41
42
43
44
45
46
47
48
49
51
57
59
60
61
64
66
67
69
70
71
72
73
74
75
76
77
78
79
80
81
82
83
84
89
91
92
93
95
96
97
98
100
101
103
106
107
108
109
110
111
114
115
116
118
119
120
123
126
128
130
131
133
134
135
138
139
140
141
142
143
144
145
146
147
148
151
154
160
161
162
163
164
165
166
167
168
169
170
171
172
173
174
175
189
215
216
217
218
220
221
222
223
238
239
240
241
242
243
244
245
246
264
265
291
292
293
294
295
296
297
347
348
349
351
372
373
374
375
402
403
404
427
428
429
432
433
434
439
440
444
445
446
447
448
449
450
451
452
453
454
455
481
482
483
485
487
489
491
522
525
526
527
538
562
563
564
565
566
567
568
569
570
571
572
573
574
575
576
577
578
579
580
581
582
583
584
640
641
2
3
4
6
8
9
10
12
14
33
34
35
36
37
39
40
41
42
43
44
45
46
47
48
49
51
57
59
60
61
64
66
67
69
70
71
72
73
74
75
76
77
78
79
80
81
82
83
84
89
91
92
93
95
96
97
98
100
101
103
106
107
108
109
110
111
114
115
116
118
119
120
123
126
128
130
131
133
134
135
138
139
140
141
142
143
144
145
146
147
148
151
154
160
161
162
163
164
165
166
167
168
169
170
171
172
173
174
175
189
215
216
217
218
220
221
222
223
238
239
240
241
242
243
244
245
246
264
265
291
292
293
294
295
296
297
347
348
349
351
372
373
374
375
402
403
404
427
428
429
432
433
434
439
440
444
445
446
447
448
449
450
451
452
453
454
455
481
482
483
485
487
489
491
522
525
526
527
538
562
563
564
565
566
567
568
569
570
571
572
573
574
575
576
577
578
579
580
581
582
583
584
640
641
644
645
646
2
3
4
6
8
9
10
12
14
33
34
35
36
37
39
40
41
42
43
44
45
46
47
48
49
51
57
59
60
61
64
66
67
69
70
71
72
73
74
75
76
77
78
79
80
81
82
83
84
89
91
92
93
95
96
97
98
100
101
103
106
107
108
109
110
111
114
115
116
118
119
120
123
126
128
130
131
133
134
135
138
139
140
141
142
143
144
145
146
147
148
151
154
160
161
162
163
164
165
166
167
168
169
170
171
172
173
174
175
189
215
216
217
218
220
221
222
223
238
239
240
241
242
243
244
245
246
264
265
291
292
293
294
295
296
297
347
348
349
351
372
373
374
375
402
403
404
427
428
429
432
433
434
439
440
444
445
446
447
448
449
450
451
452
453
454
455
481
482
483
485
487
489
491
522
525
526
527
538
562
563
564
565
566
567
568
569
570
571
572
573
574
575
576
577
578
579
580
581
582
583
584
640
641
644
645
646
647
648
649
2
3
4
6
8
9
10
12
14
33
34
35
36
37
39
40
41
42
43
44
45
46
47
48
49
51
57
59
60
61
64
66
67
69
70
71
72
73
74
75
76
77
78
79
80
81
82
83
84
89
91
92
93
95
96
97
98
100
101
103
106
107
108
109
110
111
114
115
116
118
119
120
123
126
128
130
131
133
134
135
138
139
140
141
142
143
144
145
146
147
148
151
154
160
161
162
163
164
165
166
167
168
169
170
171
172
173
174
175
189
215
216
217
218
220
221
222
223
238
239
240
241
242
243
244
245
246
264
265
291
292
293
294
295
296
297
347
348
349
351
372
373
374
375
402
403
404
427
428
429
432
433
434
439
440
444
445
446
447
448
449
450
451
452
453
454
455
481
482
483
485
487
489
491
522
525
526
527
538
562
563
564
565
566
567
568
569
570
571
572
573
574
575
576
577
578
579
580
581
582
583
584
640
641
644
645
646
647
648
649
650
651
652
2
3
4
6
8
9
10
12
14
33
34
35
36
37
39
40
41
42
43
44
45
46
47
48
49
51
57
59
60
61
64
66
67
69
70
71
72
73
74
75
76
77
78
79
80
81
82
83
84
89
91
92
93
95
96
97
98
100
101
103
106
107
108
109
110
111
114
115
116
118
119
120
123
126
128
130
131
133
134
135
138
139
140
141
142
143
144
145
146
147
148
151
154
160
161
162
163
164
165
166
167
168
169
170
171
172
173
174
175
189
215
216
217
218
220
221
222
223
238
239
240
241
242
243
244
245
246
264
265
291
292
293
294
295
296
297
347
348
349
351
372
373
374
375
402
403
404
427
428
429
432
433
434
439
440
444
445
446
447
448
449
450
451
452
453
454
455
481
482
483
485
487
489
491
522
525
526
527
538
562
563
564
565
566
567
568
569
570
571
572
573
574
575
576
577
578
579
580
581
582
583
584
640
641
644
645
646
647
648
649
650
651
652
653
654
655
2
3
4
6
8
9
10
12
14
33
34
35
36
37
39
40
41
42
43
44
45
46
47
48
49
51
57
59
60
61
64
66
67
69
70
71
72
73
74
75
76
77
78
79
80
81
82
83
84
89
91
92
93
95
96
97
98
100
101
103
106
107
108
109
110
111
114
115
116
118
119
120
123
126
128
130
131
133
134
135
138
139
140
141
142
143
144
145
146
147
148
151
154
160
161
162
163
164
165
166
167
168
169
170
171
172
173
174
175
189
215
216
217
218
220
221
222
223
238
239
240
241
242
243
244
245
246
264
265
291
292
293
294
295
296
297
347
348
349
351
372
373
374
375
402
403
404
427
428
429
432
433
434
439
440
444
445
446
447
448
449
450
451
452
453
454
455
481
482
483
485
487
489
491
522
525
526
527
538
562
563
564
565
566
567
568
569
570
571
572
573
574
575
576
577
578
579
580
581
582
583
584
640
641
644
645
646
647
648
649
650
651
652
653
654
655
656
708
709
2
3
4
6
8
9
10
12
14
33
34
35
36
37
39
40
41
42
43
44
45
46
47
48
49
51
57
59
60
61
64
66
67
69
70
71
72
73
74
75
76
77
78
79
80
81
82
83
84
89
91
92
93
95
96
97
98
100
101
103
106
107
108
109
110
111
114
115
116
118
119
120
123
126
128
130
131
133
134
135
138
139
140
141
142
143
144
145
146
147
148
151
154
160
161
162
163
164
165
166
167
168
169
170
171
172
173
174
175
189
215
216
217
218
220
221
222
223
238
239
240
241
242
243
244
245
246
264
265
291
292
293
294
295
296
297
347
348
349
351
372
373
374
375
402
403
404
427
428
429
432
433
434
439
440
444
445
446
447
448
449
450
451
452
453
454
455
481
482
483
485
487
489
491
522
525
526
527
538
562
563
564
565
566
567
568
569
570
571
572
573
574
575
576
577
578
579
580
581
582
583
584
640
641
644
645
646
647
648
649
650
651
652
653
654
655
656
708
709
710
713
744
2
3
4
6
8
9
10
12
14
33
34
35
36
37
39
40
41
42
43
44
45
46
47
48
49
51
57
59
60
61
64
66
67
69
70
71
72
73
74
75
76
77
78
79
80
81
82
83
84
89
91
92
93
95
96
97
98
100
101
103
106
107
108
109
110
111
114
115
116
118
119
120
123
126
128
130
131
133
134
135
138
139
140
141
142
143
144
145
146
147
148
151
154
160
161
162
163
164
165
166
167
168
169
170
171
172
173
174
175
189
215
216
217
218
220
221
222
223
238
239
240
241
242
243
244
245
246
264
265
291
292
293
294
295
296
297
347
348
349
351
372
373
374
375
402
403
404
427
428
429
432
433
434
439
440
444
445
446
447
448
449
450
451
452
453
454
455
481
482
483
485
487
489
491
522
525
526
527
538
562
563
564
565
566
567
568
569
570
571
572
573
574
575
576
577
578
579
580
581
582
583
584
640
641
644
645
646
647
648
649
650
651
652
653
654
655
656
708
709
710
713
744
773
774
775
2
3
4
6
8
9
10
12
14
33
34
35
36
37
39
40
41
42
43
44
45
46
47
48
49
51
57
59
60
61
64
66
67
69
70
71
72
73
74
75
76
77
78
79
80
81
82
83
84
89
91
92
93
95
96
97
98
100
101
103
106
107
108
109
110
111
114
115
116
118
119
120
123
126
128
130
131
133
134
135
138
139
140
141
142
143
144
145
146
147
148
151
154
160
161
162
163
164
165
166
167
168
169
170
171
172
173
174
175
189
215
216
217
218
220
221
222
223
238
239
240
241
242
243
244
245
246
264
265
291
292
293
294
295
296
297
347
348
349
351
372
373
374
375
402
403
404
427
428
429
432
433
434
439
440
444
445
446
447
448
449
450
451
452
453
454
455
481
482
483
485
487
489
491
522
525
526
527
538
562
563
564
565
566
567
568
569
570
571
572
573
574
575
576
577
578
579
580
581
582
583
584
640
641
644
645
646
647
648
649
650
651
652
653
654
655
656
708
709
710
713
744
773
774
775
776
777
778
2
3
4
6
8
9
10
12
14
33
34
35
36
37
39
40
41
42
43
44
45
46
47
48
49
51
57
59
60
61
64
66
67
69
70
71
72
73
74
75
76
77
78
79
80
81
82
83
84
89
91
92
93
95
96
97
98
100
101
103
106
107
108
109
110
111
114
115
116
118
119
120
123
126
128
130
131
133
134
135
138
139
140
141
142
143
144
145
146
147
148
151
154
160
161
162
163
164
165
166
167
168
169
170
171
172
173
174
175
189
215
216
217
218
220
221
222
223
238
239
240
241
242
243
244
245
246
264
265
291
292
293
294
295
296
297
347
348
349
351
372
373
374
375
402
403
404
427
428
429
432
433
434
439
440
444
445
446
447
448
449
450
451
452
453
454
455
481
482
483
485
487
489
491
522
525
526
527
538
562
563
564
565
566
567
568
569
570
571
572
573
574
575
576
577
578
579
580
581
582
583
584
640
641
644
645
646
647
648
649
650
651
652
653
654
655
656
708
709
710
713
744
773
774
775
776
777
778
779
780
781
2
3
4
6
8
9
10
12
14
33
34
35
36
37
39
40
41
42
43
44
45
46
47
48
49
51
57
59
60
61
64
66
67
69
70
71
72
73
74
75
76
77
78
79
80
81
82
83
84
89
91
92
93
95
96
97
98
100
101
103
106
107
108
109
110
111
114
115
116
118
119
120
123
126
128
130
131
133
134
135
138
139
140
141
142
143
144
145
146
147
148
151
154
160
161
162
163
164
165
166
167
168
169
170
171
172
173
174
175
189
215
216
217
218
220
221
222
223
238
239
240
241
242
243
244
245
246
264
265
291
292
293
294
295
296
297
347
348
349
351
372
373
374
375
402
403
404
427
428
429
432
433
434
439
440
444
445
446
447
448
449
450
451
452
453
454
455
481
482
483
485
487
489
491
522
525
526
527
538
562
563
564
565
566
567
568
569
570
571
572
573
574
575
576
577
578
579
580
581
582
583
584
640
641
644
645
646
647
648
649
650
651
652
653
654
655
656
708
709
710
713
744
773
774
775
776
777
778
779
780
781
822
823
824
2
3
4
6
8
9
10
12
14
33
34
35
36
37
39
40
41
42
43
44
45
46
47
48
49
51
57
59
60
61
64
66
67
69
70
71
72
73
74
75
76
77
78
79
80
81
82
83
84
89
91
92
93
95
96
97
98
100
101
103
106
107
108
109
110
111
114
115
116
118
119
120
123
126
128
130
131
133
134
135
138
139
140
141
142
143
144
145
146
147
148
151
154
160
161
162
163
164
165
166
167
168
169
170
171
172
173
174
175
189
215
216
217
218
220
221
222
223
238
239
240
241
242
243
244
245
246
264
265
291
292
293
294
295
296
297
347
348
349
351
372
373
374
375
402
403
404
427
428
429
432
433
434
439
440
444
445
446
447
448
449
450
451
452
453
454
455
481
482
483
485
487
489
491
522
525
526
527
538
562
563
564
565
566
567
568
569
570
571
572
573
574
575
576
577
578
579
580
581
582
583
584
640
641
644
645
646
647
648
649
650
651
652
653
654
655
656
708
709
710
713
744
773
774
775
776
777
778
779
780
781
822
823
824
825
826
833
2
3
4
6
8
9
10
12
14
33
34
35
36
37
39
40
41
42
43
44
45
46
47
48
49
51
57
59
60
61
64
66
67
69
70
71
72
73
74
75
76
77
78
79
80
81
82
83
84
89
91
92
93
95
96
97
98
100
101
103
106
107
108
109
110
111
114
115
116
118
119
120
123
126
128
130
131
133
134
135
138
139
140
141
142
143
144
145
146
147
148
151
154
160
161
162
163
164
165
166
167
168
169
170
171
172
173
174
175
189
215
216
217
218
220
221
222
223
238
239
240
241
242
243
244
245
246
264
265
291
292
293
294
295
296
297
347
348
349
351
372
373
374
375
402
403
404
427
428
429
432
433
434
439
440
444
445
446
447
448
449
450
451
452
453
454
455
481
482
483
485
487
489
491
522
525
526
527
538
562
563
564
565
566
567
568
569
570
571
572
573
574
575
576
577
578
579
580
581
582
583
584
640
641
644
645
646
647
648
649
650
651
652
653
654
655
656
708
709
710
713
744
773
774
775
776
777
778
779
780
781
822
823
824
825
826
833
848
849
850
2
3
4
6
8
9
10
12
14
33
34
35
36
37
39
40
41
42
43
44
45
46
47
48
49
51
57
59
60
61
64
66
67
69
70
71
72
73
74
75
76
77
78
79
80
81
82
83
84
89
91
92
93
95
96
97
98
100
101
103
106
107
108
109
110
111
114
115
116
118
119
120
123
126
128
130
131
133
134
135
138
139
140
141
142
143
144
145
146
147
148
151
154
160
161
162
163
164
165
166
167
168
169
170
171
172
173
174
175
189
215
216
217
218
220
221
222
223
238
239
240
241
242
243
244
245
246
264
265
291
292
293
294
295
296
297
347
348
349
351
372
373
374
375
402
403
404
427
428
429
432
433
434
439
440
444
445
446
447
448
449
450
451
452
453
454
455
481
482
483
485
487
489
491
522
525
526
527
538
562
563
564
565
566
567
568
569
570
571
572
573
574
575
576
577
578
579
580
581
582
583
584
640
641
644
645
646
647
648
649
650
651
652
653
654
655
656
708
709
710
713
744
773
774
775
776
777
778
779
780
781
822
823
824
825
826
833
848
849
850
851
852
853
2
3
4
6
8
9
10
12
14
33
34
35
36
37
39
40
41
42
43
44
45
46
47
48
49
51
57
59
60
61
64
66
67
69
70
71
72
73
74
75
76
77
78
79
80
81
82
83
84
89
91
92
93
95
96
97
98
100
101
103
106
107
108
109
110
111
114
115
116
118
119
120
123
126
128
130
131
133
134
135
138
139
140
141
142
143
144
145
146
147
148
151
154
160
161
162
163
164
165
166
167
168
169
170
171
172
173
174
175
189
215
216
217
218
220
221
222
223
238
239
240
241
242
243
244
245
246
264
265
291
292
293
294
295
296
297
347
348
349
351
372
373
374
375
402
403
404
427
428
429
432
433
434
439
440
444
445
446
447
448
449
450
451
452
453
454
455
481
482
483
485
487
489
491
522
525
526
527
538
562
563
564
565
566
567
568
569
570
571
572
573
574
575
576
577
578
579
580
581
582
583
584
640
641
644
645
646
647
648
649
650
651
652
653
654
655
656
708
709
710
713
744
773
774
775
776
777
778
779
780
781
822
823
824
825
826
833
848
849
850
851
852
853
854
855
856
2
3
4
6
8
9
10
12
14
33
34
35
36
37
39
40
41
42
43
44
45
46
47
48
49
51
57
59
60
61
64
66
67
69
70
71
72
73
74
75
76
77
78
79
80
81
82
83
84
89
91
92
93
95
96
97
98
100
101
103
106
107
108
109
110
111
114
115
116
118
119
120
123
126
128
130
131
133
134
135
138
139
140
141
142
143
144
145
146
147
148
151
154
160
161
162
163
164
165
166
167
168
169
170
171
172
173
174
175
189
215
216
217
218
220
221
222
223
238
239
240
241
242
243
244
245
246
264
265
291
292
293
294
295
296
297
347
348
349
351
372
373
374
375
402
403
404
427
428
429
432
433
434
439
440
444
445
446
447
448
449
450
451
452
453
454
455
481
482
483
485
487
489
491
522
525
526
527
538
562
563
564
565
566
567
568
569
570
571
572
573
574
575
576
577
578
579
580
581
582
583
584
640
641
644
645
646
647
648
649
650
651
652
653
654
655
656
708
709
710
713
744
773
774
775
776
777
778
779
780
781
822
823
824
825
826
833
848
849
850
851
852
853
854
855
856
862
863
864
2
3
4
6
8
9
10
12
14
33
34
35
36
37
39
40
41
42
43
44
45
46
47
48
49
51
57
59
60
61
64
66
67
69
70
71
72
73
74
75
76
77
78
79
80
81
82
83
84
89
91
92
93
95
96
97
98
100
101
103
106
107
108
109
110
111
114
115
116
118
119
120
123
126
128
130
131
133
134
135
138
139
140
141
142
143
144
145
146
147
148
151
154
160
161
162
163
164
165
166
167
168
169
170
171
172
173
174
175
189
215
216
217
218
220
221
222
223
238
239
240
241
242
243
244
245
246
264
265
291
292
293
294
295
296
297
347
348
349
351
372
373
374
375
402
403
404
427
428
429
432
433
434
439
440
444
445
446
447
448
449
450
451
452
453
454
455
481
482
483
485
487
489
491
522
525
526
527
538
562
563
564
565
566
567
568
569
570
571
572
573
574
575
576
577
578
579
580
581
582
583
584
640
641
644
645
646
647
648
649
650
651
652
653
654
655
656
708
709
710
713
744
773
774
775
776
777
778
779
780
781
822
823
824
825
826
833
848
849
850
851
852
853
854
855
856
862
863
864
865
889
890
2
3
4
6
8
9
10
12
14
33
34
35
36
37
39
40
41
42
43
44
45
46
47
48
49
51
57
59
60
61
64
66
67
69
70
71
72
73
74
75
76
77
78
79
80
81
82
83
84
89
91
92
93
95
96
97
98
100
101
103
106
107
108
109
110
111
114
115
116
118
119
120
123
126
128
130
131
133
134
135
138
139
140
141
142
143
144
145
146
147
148
151
154
160
161
162
163
164
165
166
167
168
169
170
171
172
173
174
175
189
215
216
217
218
220
221
222
223
238
239
240
241
242
243
244
245
246
264
265
291
292
293
294
295
296
297
347
348
349
351
372
373
374
375
402
403
404
427
428
429
432
433
434
439
440
444
445
446
447
448
449
450
451
452
453
454
455
481
482
483
485
487
489
491
522
525
526
527
538
562
563
564
565
566
567
568
569
570
571
572
573
574
575
576
577
578
579
580
581
582
583
584
640
641
644
645
646
647
648
649
650
651
652
653
654
655
656
708
709
710
713
744
773
774
775
776
777
778
779
780
781
822
823
824
825
826
833
848
849
850
851
852
853
854
855
856
862
863
864
865
889
890
891
892
893
2
3
4
6
8
9
10
12
14
33
34
35
36
37
39
40
41
42
43
44
45
46
47
48
49
51
57
59
60
61
64
66
67
69
70
71
72
73
74
75
76
77
78
79
80
81
82
83
84
89
91
92
93
95
96
97
98
100
101
103
106
107
108
109
110
111
114
115
116
118
119
120
123
126
128
130
131
133
134
135
138
139
140
141
142
143
144
145
146
147
148
151
154
160
161
162
163
164
165
166
167
168
169
170
171
172
173
174
175
189
215
216
217
218
220
221
222
223
238
239
240
241
242
243
244
245
246
264
265
291
292
293
294
295
296
297
347
348
349
351
372
373
374
375
402
403
404
427
428
429
432
433
434
439
440
444
445
446
447
448
449
450
451
452
453
454
455
481
482
483
485
487
489
491
522
525
526
527
538
562
563
564
565
566
567
568
569
570
571
572
573
574
575
576
577
578
579
580
581
582
583
584
640
641
644
645
646
647
648
649
650
651
652
653
654
655
656
708
709
710
713
744
773
774
775
776
777
778
779
780
781
822
823
824
825
826
833
848
849
850
851
852
853
854
855
856
862
863
864
865
889
890
891
892
893
894
895
898
2
3
4
6
8
9
10
12
14
33
34
35
36
37
39
40
41
42
43
44
45
46
47
48
49
51
57
59
60
61
64
66
67
69
70
71
72
73
74
75
76
77
78
79
80
81
82
83
84
89
91
92
93
95
96
97
98
100
101
103
106
107
108
109
110
111
114
115
116
118
119
120
123
126
128
130
131
133
134
135
138
139
140
141
142
143
144
145
146
147
148
151
154
160
161
162
163
164
165
166
167
168
169
170
171
172
173
174
175
189
215
216
217
218
220
221
222
223
238
239
240
241
242
243
244
245
246
264
265
291
292
293
294
295
296
297
347
348
349
351
372
373
374
375
402
403
404
427
428
429
432
433
434
439
440
444
445
446
447
448
449
450
451
452
453
454
455
481
482
483
485
487
489
491
522
525
526
527
538
562
563
564
565
566
567
568
569
570
571
572
573
574
575
576
577
578
579
580
581
582
583
584
640
641
644
645
646
647
648
649
650
651
652
653
654
655
656
708
709
710
713
744
773
774
775
776
777
778
779
780
781
822
823
824
825
826
833
848
849
850
851
852
853
854
855
856
862
863
864
865
889
890
891
892
893
894
895
898
899
900
901
2
3
4
6
8
9
10
12
14
33
34
35
36
37
39
40
41
42
43
44
45
46
47
48
49
51
57
59
60
61
64
66
67
69
70
71
72
73
74
75
76
77
78
79
80
81
82
83
84
89
91
92
93
95
96
97
98
100
101
103
106
107
108
109
110
111
114
115
116
118
119
120
123
126
128
130
131
133
134
135
138
139
140
141
142
143
144
145
146
147
148
151
154
160
161
162
163
164
165
166
167
168
169
170
171
172
173
174
175
189
215
216
217
218
220
221
222
223
238
239
240
241
242
243
244
245
246
264
265
291
292
293
294
295
296
297
347
348
349
351
372
373
374
375
402
403
404
427
428
429
432
433
434
439
440
444
445
446
447
448
449
450
451
452
453
454
455
481
482
483
485
487
489
491
522
525
526
527
538
562
563
564
565
566
567
568
569
570
571
572
573
574
575
576
577
578
579
580
581
582
583
584
640
641
644
645
646
647
648
649
650
651
652
653
654
655
656
708
709
710
713
744
773
774
775
776
777
778
779
780
781
822
823
824
825
826
833
848
849
850
851
852
853
854
855
856
862
863
864
865
889
890
891
892
893
894
895
898
899
900
901
902
903
907
2
3
4
6
8
9
10
12
14
33
34
35
36
37
39
40
41
42
43
44
45
46
47
48
49
51
57
59
60
61
64
66
67
69
70
71
72
73
74
75
76
77
78
79
80
81
82
83
84
89
91
92
93
95
96
97
98
100
101
103
106
107
108
109
110
111
114
115
116
118
119
120
123
126
128
130
131
133
134
135
138
139
140
141
142
143
144
145
146
147
148
151
154
160
161
162
163
164
165
166
167
168
169
170
171
172
173
174
175
189
215
216
217
218
220
221
222
223
238
239
240
241
242
243
244
245
246
264
265
291
292
293
294
295
296
297
347
348
349
351
372
373
374
375
402
403
404
427
428
429
432
433
434
439
440
444
445
446
447
448
449
450
451
452
453
454
455
481
482
483
485
487
489
491
522
525
526
527
538
562
563
564
565
566
567
568
569
570
571
572
573
574
575
576
577
578
579
580
581
582
583
584
640
641
644
645
646
647
648
649
650
651
652
653
654
655
656
708
709
710
713
744
773
774
775
776
777
778
779
780
781
822
823
824
825
826
833
848
849
850
851
852
853
854
855
856
862
863
864
865
889
890
891
892
893
894
895
898
899
900
901
902
903
907
908
909
910
2
3
4
6
8
9
10
12
14
33
34
35
36
37
39
40
41
42
43
44
45
46
47
48
49
51
57
59
60
61
64
66
67
69
70
71
72
73
74
75
76
77
78
79
80
81
82
83
84
89
91
92
93
95
96
97
98
100
101
103
106
107
108
109
110
111
114
115
116
118
119
120
123
126
128
130
131
133
134
135
138
139
140
141
142
143
144
145
146
147
148
151
154
160
161
162
163
164
165
166
167
168
169
170
171
172
173
174
175
189
215
216
217
218
220
221
222
223
238
239
240
241
242
243
244
245
246
264
265
291
292
293
294
295
296
297
347
348
349
351
372
373
374
375
402
403
404
427
428
429
432
433
434
439
440
444
445
446
447
448
449
450
451
452
453
454
455
481
482
483
485
487
489
491
522
525
526
527
538
562
563
564
565
566
567
568
569
570
571
572
573
574
575
576
577
578
579
580
581
582
583
584
640
641
644
645
646
647
648
649
650
651
652
653
654
655
656
708
709
710
713
744
773
774
775
776
777
778
779
780
781
822
823
824
825
826
833
848
849
850
851
852
853
854
855
856
862
863
864
865
889
890
891
892
893
894
895
898
899
900
901
902
903
907
908
909
910
911
912
928
2
3
4
6
8
9
10
12
14
33
34
35
36
37
39
40
41
42
43
44
45
46
47
48
49
51
57
59
60
61
64
66
67
69
70
71
72
73
74
75
76
77
78
79
80
81
82
83
84
89
91
92
93
95
96
97
98
100
101
103
106
107
108
109
110
111
114
115
116
118
119
120
123
126
128
130
131
133
134
135
138
139
140
141
142
143
144
145
146
147
148
151
154
160
161
162
163
164
165
166
167
168
169
170
171
172
173
174
175
189
215
216
217
218
220
221
222
223
238
239
240
241
242
243
244
245
246
264
265
291
292
293
294
295
296
297
347
348
349
351
372
373
374
375
402
403
404
427
428
429
432
433
434
439
440
444
445
446
447
448
449
450
451
452
453
454
455
481
482
483
485
487
489
491
522
525
526
527
538
562
563
564
565
566
567
568
569
570
571
572
573
574
575
576
577
578
579
580
581
582
583
584
640
641
644
645
646
647
648
649
650
651
652
653
654
655
656
708
709
710
713
744
773
774
775
776
777
778
779
780
781
822
823
824
825
826
833
848
849
850
851
852
853
854
855
856
862
863
864
865
889
890
891
892
893
894
895
898
899
900
901
902
903
907
908
909
910
911
912
928
929
930
931
2
3
4
6
8
9
10
12
14
33
34
35
36
37
39
40
41
42
43
44
45
46
47
48
49
51
57
59
60
61
64
66
67
69
70
71
72
73
74
75
76
77
78
79
80
81
82
83
84
89
91
92
93
95
96
97
98
100
101
103
106
107
108
109
110
111
114
115
116
118
119
120
123
126
128
130
131
133
134
135
138
139
140
141
142
143
144
145
146
147
148
151
154
160
161
162
163
164
165
166
167
168
169
170
171
172
173
174
175
189
215
216
217
218
220
221
222
223
238
239
240
241
242
243
244
245
246
264
265
291
292
293
294
295
296
297
347
348
349
351
372
373
374
375
402
403
404
427
428
429
432
433
434
439
440
444
445
446
447
448
449
450
451
452
453
454
455
481
482
483
485
487
489
491
522
525
526
527
538
562
563
564
565
566
567
568
569
570
571
572
573
574
575
576
577
578
579
580
581
582
583
584
640
641
644
645
646
647
648
649
650
651
652
653
654
655
656
708
709
710
713
744
773
774
775
776
777
778
779
780
781
822
823
824
825
826
833
848
849
850
851
852
853
854
855
856
862
863
864
865
889
890
891
892
893
894
895
898
899
900
901
902
903
907
908
909
910
911
912
928
929
930
931
932
933
934
2
3
4
6
8
9
10
12
14
33
34
35
36
37
39
40
41
42
43
44
45
46
47
48
49
51
57
59
60
61
64
66
67
69
70
71
72
73
74
75
76
77
78
79
80
81
82
83
84
89
91
92
93
95
96
97
98
100
101
103
106
107
108
109
110
111
114
115
116
118
119
120
123
126
128
130
131
133
134
135
138
139
140
141
142
143
144
145
146
147
148
151
154
160
161
162
163
164
165
166
167
168
169
170
171
172
173
174
175
189
215
216
217
218
220
221
222
223
238
239
240
241
242
243
244
245
246
264
265
291
292
293
294
295
296
297
347
348
349
351
372
373
374
375
402
403
404
427
428
429
432
433
434
439
440
444
445
446
447
448
449
450
451
452
453
454
455
481
482
483
485
487
489
491
522
525
526
527
538
562
563
564
565
566
567
568
569
570
571
572
573
574
575
576
577
578
579
580
581
582
583
584
640
641
644
645
646
647
648
649
650
651
652
653
654
655
656
708
709
710
713
744
773
774
775
776
777
778
779
780
781
822
823
824
825
826
833
848
849
850
851
852
853
854
855
856
862
863
864
865
889
890
891
892
893
894
895
898
899
900
901
902
903
907
908
909
910
911
912
928
929
930
931
932
933
934
935
936
937
2
3
4
6
8
9
10
12
14
33
34
35
36
37
39
40
41
42
43
44
45
46
47
48
49
51
57
59
60
61
64
66
67
69
70
71
72
73
74
75
76
77
78
79
80
81
82
83
84
89
91
92
93
95
96
97
98
100
101
103
106
107
108
109
110
111
114
115
116
118
119
120
123
126
128
130
131
133
134
135
138
139
140
141
142
143
144
145
146
147
148
151
154
160
161
162
163
164
165
166
167
168
169
170
171
172
173
174
175
189
215
216
217
218
220
221
222
223
238
239
240
241
242
243
244
245
246
264
265
291
292
293
294
295
296
297
347
348
349
351
372
373
374
375
402
403
404
427
428
429
432
433
434
439
440
444
445
446
447
448
449
450
451
452
453
454
455
481
482
483
485
487
489
491
522
525
526
527
538
562
563
564
565
566
567
568
569
570
571
572
573
574
575
576
577
578
579
580
581
582
583
584
640
641
644
645
646
647
648
649
650
651
652
653
654
655
656
708
709
710
713
744
773
774
775
776
777
778
779
780
781
822
823
824
825
826
833
848
849
850
851
852
853
854
855
856
862
863
864
865
889
890
891
892
893
894
895
898
899
900
901
902
903
907
908
909
910
911
912
928
929
930
931
932
933
934
935
936
937
949
950
951
2
3
4
6
8
9
10
12
14
33
34
35
36
37
39
40
41
42
43
44
45
46
47
48
49
51
57
59
60
61
64
66
67
69
70
71
72
73
74
75
76
77
78
79
80
81
82
83
84
89
91
92
93
95
96
97
98
100
101
103
106
107
108
109
110
111
114
115
116
118
119
120
123
126
128
130
131
133
134
135
138
139
140
141
142
143
144
145
146
147
148
151
154
160
161
162
163
164
165
166
167
168
169
170
171
172
173
174
175
189
215
216
217
218
220
221
222
223
238
239
240
241
242
243
244
245
246
264
265
291
292
293
294
295
296
297
347
348
349
351
372
373
374
375
402
403
404
427
428
429
432
433
434
439
440
444
445
446
447
448
449
450
451
452
453
454
455
481
482
483
485
487
489
491
522
525
526
527
538
562
563
564
565
566
567
568
569
570
571
572
573
574
575
576
577
578
579
580
581
582
583
584
640
641
644
645
646
647
648
649
650
651
652
653
654
655
656
708
709
710
713
744
773
774
775
776
777
778
779
780
781
822
823
824
825
826
833
848
849
850
851
852
853
854
855
856
862
863
864
865
889
890
891
892
893
894
895
898
899
900
901
902
903
907
908
909
910
911
912
928
929
930
931
932
933
934
935
936
937
949
950
951
952
953
954
2
3
4
6
8
9
10
12
14
33
34
35
36
37
39
40
41
42
43
44
45
46
47
48
49
51
57
59
60
61
64
66
67
69
70
71
72
73
74
75
76
77
78
79
80
81
82
83
84
89
91
92
93
95
96
97
98
100
101
103
106
107
108
109
110
111
114
115
116
118
119
120
123
126
128
130
131
133
134
135
138
139
140
141
142
143
144
145
146
147
148
151
154
160
161
162
163
164
165
166
167
168
169
170
171
172
173
174
175
189
215
216
217
218
220
221
222
223
238
239
240
241
242
243
244
245
246
264
265
291
292
293
294
295
296
297
347
348
349
351
372
373
374
375
402
403
404
427
428
429
432
433
434
439
440
444
445
446
447
448
449
450
451
452
453
454
455
481
482
483
485
487
489
491
522
525
526
527
538
562
563
564
565
566
567
568
569
570
571
572
573
574
575
576
577
578
579
580
581
582
583
584
640
641
644
645
646
647
648
649
650
651
652
653
654
655
656
708
709
710
713
744
773
774
775
776
777
778
779
780
781
822
823
824
825
826
833
848
849
850
851
852
853
854
855
856
862
863
864
865
889
890
891
892
893
894
895
898
899
900
901
902
903
907
908
909
910
911
912
928
929
930
931
932
933
934
935
936
937
949
950
951
952
953
954
955
962
963
2
3
4
6
8
9
10
12
14
33
34
35
36
37
39
40
41
42
43
44
45
46
47
48
49
51
57
59
60
61
64
66
67
69
70
71
72
73
74
75
76
77
78
79
80
81
82
83
84
89
91
92
93
95
96
97
98
100
101
103
106
107
108
109
110
111
114
115
116
118
119
120
123
126
128
130
131
133
134
135
138
139
140
141
142
143
144
145
146
147
148
151
154
160
161
162
163
164
165
166
167
168
169
170
171
172
173
174
175
189
215
216
217
218
220
221
222
223
238
239
240
241
242
243
244
245
246
264
265
291
292
293
294
295
296
297
347
348
349
351
372
373
374
375
402
403
404
427
428
429
432
433
434
439
440
444
445
446
447
448
449
450
451
452
453
454
455
481
482
483
485
487
489
491
522
525
526
527
538
562
563
564
565
566
567
568
569
570
571
572
573
574
575
576
577
578
579
580
581
582
583
584
640
641
644
645
646
647
648
649
650
651
652
653
654
655
656
708
709
710
713
744
773
774
775
776
777
778
779
780
781
822
823
824
825
826
833
848
849
850
851
852
853
854
855
856
862
863
864
865
889
890
891
892
893
894
895
898
899
900
901
902
903
907
908
909
910
911
912
928
929
930
931
932
933
934
935
936
937
949
950
951
952
953
954
955
962
963
964
965
970
2
3
4
6
8
9
10
12
14
33
34
35
36
37
39
40
41
42
43
44
45
46
47
48
49
51
57
59
60
61
64
66
67
69
70
71
72
73
74
75
76
77
78
79
80
81
82
83
84
89
91
92
93
95
96
97
98
100
101
103
106
107
108
109
110
111
114
115
116
118
119
120
123
126
128
130
131
133
134
135
138
139
140
141
142
143
144
145
146
147
148
151
154
160
161
162
163
164
165
166
167
168
169
170
171
172
173
174
175
189
215
216
217
218
220
221
222
223
238
239
240
241
242
243
244
245
246
264
265
291
292
293
294
295
296
297
347
348
349
351
372
373
374
375
402
403
404
427
428
429
432
433
434
439
440
444
445
446
447
448
449
450
451
452
453
454
455
481
482
483
485
487
489
491
522
525
526
527
538
562
563
564
565
566
567
568
569
570
571
572
573
574
575
576
577
578
579
580
581
582
583
584
640
641
644
645
646
647
648
649
650
651
652
653
654
655
656
708
709
710
713
744
773
774
775
776
777
778
779
780
781
822
823
824
825
826
833
848
849
850
851
852
853
854
855
856
862
863
864
865
889
890
891
892
893
894
895
898
899
900
901
902
903
907
908
909
910
911
912
928
929
930
931
932
933
934
935
936
937
949
950
951
952
953
954
955
962
963
964
965
970
971
972
973
2
3
4
6
8
9
10
12
14
33
34
35
36
37
39
40
41
42
43
44
45
46
47
48
49
51
57
59
60
61
64
66
67
69
70
71
72
73
74
75
76
77
78
79
80
81
82
83
84
89
91
92
93
95
96
97
98
100
101
103
106
107
108
109
110
111
114
115
116
118
119
120
123
126
128
130
131
133
134
135
138
139
140
141
142
143
144
145
146
147
148
151
154
160
161
162
163
164
165
166
167
168
169
170
171
172
173
174
175
189
215
216
217
218
220
221
222
223
238
239
240
241
242
243
244
245
246
264
265
291
292
293
294
295
296
297
347
348
349
351
372
373
374
375
402
403
404
427
428
429
432
433
434
439
440
444
445
446
447
448
449
450
451
452
453
454
455
481
482
483
485
487
489
491
522
525
526
527
538
562
563
564
565
566
567
568
569
570
571
572
573
574
575
576
577
578
579
580
581
582
583
584
640
641
644
645
646
647
648
649
650
651
652
653
654
655
656
708
709
710
713
744
773
774
775
776
777
778
779
780
781
822
823
824
825
826
833
848
849
850
851
852
853
854
855
856
862
863
864
865
889
890
891
892
893
894
895
898
899
900
901
902
903
907
908
909
910
911
912
928
929
930
931
932
933
934
935
936
937
949
950
951
952
953
954
955
962
963
964
965
970
971
972
973
982
983
986
2
3
4
6
8
9
10
12
14
33
34
35
36
37
39
40
41
42
43
44
45
46
47
48
49
51
57
59
60
61
64
66
67
69
70
71
72
73
74
75
76
77
78
79
80
81
82
83
84
89
91
92
93
95
96
97
98
100
101
103
106
107
108
109
110
111
114
115
116
118
119
120
123
126
128
130
131
133
134
135
138
139
140
141
142
143
144
145
146
147
148
151
154
160
161
162
163
164
165
166
167
168
169
170
171
172
173
174
175
189
215
216
217
218
220
221
222
223
238
239
240
241
242
243
244
245
246
264
265
291
292
293
294
295
296
297
347
348
349
351
372
373
374
375
402
403
404
427
428
429
432
433
434
439
440
444
445
446
447
448
449
450
451
452
453
454
455
481
482
483
485
487
489
491
522
525
526
527
538
562
563
564
565
566
567
568
569
570
571
572
573
574
575
576
577
578
579
580
581
582
583
584
640
641
644
645
646
647
648
649
650
651
652
653
654
655
656
708
709
710
713
744
773
774
775
776
777
778
779
780
781
822
823
824
825
826
833
848
849
850
851
852
853
854
855
856
862
863
864
865
889
890
891
892
893
894
895
898
899
900
901
902
903
907
908
909
910
911
912
928
929
930
931
932
933
934
935
936
937
949
950
951
952
953
954
955
962
963
964
965
970
971
972
973
982
983
986
987
988
994
1002
1021
1022
1002
1021
1022
1023
1024
1025
1002
1021
1022
1023
1024
1025
1034
1035
1036
1002
1021
1022
1023
1024
1025
1034
1035
1036
1038
1095
1096
1002
1021
1022
1023
1024
1025
1034
1035
1036
1038
1095
1096
1097
1139
1140
1002
1021
1022
1023
1024
1025
1034
1035
1036
1038
1095
1096
1097
1139
1140
1141
1142
1143
1002
1021
1022
1023
1024
1025
1034
1035
1036
1038
1095
1096
1097
1139
1140
1141
1142
1143
1153
1154
1155
1002
1021
1022
1023
1024
1025
1034
1035
1036
1038
1095
1096
1097
1139
1140
1141
1142
1143
1153
1154
1155
1156
1157
1158
1002
1021
1022
1023
1024
1025
1034
1035
1036
1038
1095
1096
1097
1139
1140
1141
1142
1143
1153
1154
1155
1156
1157
1158
1159
1160
1161
1002
1021
1022
1023
1024
1025
1034
1035
1036
1038
1095
1096
1097
1139
1140
1141
1142
1143
1153
1154
1155
1156
1157
1158
1159
1160
1161
1162
1163
1164
1002
1021
1022
1023
1024
1025
1034
1035
1036
1038
1095
1096
1097
1139
1140
1141
1142
1143
1153
1154
1155
1156
1157
1158
1159
1160
1161
1162
1163
1164
1165
1176
1177
1002
1021
1022
1023
1024
1025
1034
1035
1036
1038
1095
1096
1097
1139
1140
1141
1142
1143
1153
1154
1155
1156
1157
1158
1159
1160
1161
1162
1163
1164
1165
1176
1177
1178
1179
1180
1002
1021
1022
1023
1024
1025
1034
1035
1036
1038
1095
1096
1097
1139
1140
1141
1142
1143
1153
1154
1155
1156
1157
1158
1159
1160
1161
1162
1163
1164
1165
1176
1177
1178
1179
1180
1182
1183
1223
1002
1021
1022
1023
1024
1025
1034
1035
1036
1038
1095
1096
1097
1139
1140
1141
1142
1143
1153
1154
1155
1156
1157
1158
1159
1160
1161
1162
1163
1164
1165
1176
1177
1178
1179
1180
1182
1183
1223
1231
1232
1233
1002
1021
1022
1023
1024
1025
1034
1035
1036
1038
1095
1096
1097
1139
1140
1141
1142
1143
1153
1154
1155
1156
1157
1158
1159
1160
1161
1162
1163
1164
1165
1176
1177
1178
1179
1180
1182
1183
1223
1231
1232
1233
1234
1235
1236
1002
1021
1022
1023
1024
1025
1034
1035
1036
1038
1095
1096
1097
1139
1140
1141
1142
1143
1153
1154
1155
1156
1157
1158
1159
1160
1161
1162
1163
1164
1165
1176
1177
1178
1179
1180
1182
1183
1223
1231
1232
1233
1234
1235
1236
1237
1238
1240
1002
1021
1022
1023
1024
1025
1034
1035
1036
1038
1095
1096
1097
1139
1140
1141
1142
1143
1153
1154
1155
1156
1157
1158
1159
1160
1161
1162
1163
1164
1165
1176
1177
1178
1179
1180
1182
1183
1223
1231
1232
1233
1234
1235
1236
1237
1238
1240
1241
1242
1243
1002
1021
1022
1023
1024
1025
1034
1035
1036
1038
1095
1096
1097
1139
1140
1141
1142
1143
1153
1154
1155
1156
1157
1158
1159
1160
1161
1162
1163
1164
1165
1176
1177
1178
1179
1180
1182
1183
1223
1231
1232
1233
1234
1235
1236
1237
1238
1240
1241
1242
1243
1244
1245
1246
1002
1021
1022
1023
1024
1025
1034
1035
1036
1038
1095
1096
1097
1139
1140
1141
1142
1143
1153
1154
1155
1156
1157
1158
1159
1160
1161
1162
1163
1164
1165
1176
1177
1178
1179
1180
1182
1183
1223
1231
1232
1233
1234
1235
1236
1237
1238
1240
1241
1242
1243
1244
1245
1246
1247
1306
1307
1002
1021
1022
1023
1024
1025
1034
1035
1036
1038
1095
1096
1097
1139
1140
1141
1142
1143
1153
1154
1155
1156
1157
1158
1159
1160
1161
1162
1163
1164
1165
1176
1177
1178
1179
1180
1182
1183
1223
1231
1232
1233
1234
1235
1236
1237
1238
1240
1241
1242
1243
1244
1245
1246
1247
1306
1307
1308
1309
1310
1002
1021
1022
1023
1024
1025
1034
1035
1036
1038
1095
1096
1097
1139
1140
1141
1142
1143
1153
1154
1155
1156
1157
1158
1159
1160
1161
1162
1163
1164
1165
1176
1177
1178
1179
1180
1182
1183
1223
1231
1232
1233
1234
1235
1236
1237
1238
1240
1241
1242
1243
1244
1245
1246
1247
1306
1307
1308
1309
1310
1311
1312
1313
1002
1021
1022
1023
1024
1025
1034
1035
1036
1038
1095
1096
1097
1139
1140
1141
1142
1143
1153
1154
1155
1156
1157
1158
1159
1160
1161
1162
1163
1164
1165
1176
1177
1178
1179
1180
1182
1183
1223
1231
1232
1233
1234
1235
1236
1237
1238
1240
1241
1242
1243
1244
1245
1246
1247
1306
1307
1308
1309
1310
1311
1312
1313
1314
1315
1316
1002
1021
1022
1023
1024
1025
1034
1035
1036
1038
1095
1096
1097
1139
1140
1141
1142
1143
1153
1154
1155
1156
1157
1158
1159
1160
1161
1162
1163
1164
1165
1176
1177
1178
1179
1180
1182
1183
1223
1231
1232
1233
1234
1235
1236
1237
1238
1240
1241
1242
1243
1244
1245
1246
1247
1306
1307
1308
1309
1310
1311
1312
1313
1314
1315
1316
1317
1318
1319
1002
1021
1022
1023
1024
1025
1034
1035
1036
1038
1095
1096
1097
1139
1140
1141
1142
1143
1153
1154
1155
1156
1157
1158
1159
1160
1161
1162
1163
1164
1165
1176
1177
1178
1179
1180
1182
1183
1223
1231
1232
1233
1234
1235
1236
1237
1238
1240
1241
1242
1243
1244
1245
1246
1247
1306
1307
1308
1309
1310
1311
1312
1313
1314
1315
1316
1317
1318
1319
1320
1327
1329
1002
1021
1022
1023
1024
1025
1034
1035
1036
1038
1095
1096
1097
1139
1140
1141
1142
1143
1153
1154
1155
1156
1157
1158
1159
1160
1161
1162
1163
1164
1165
1176
1177
1178
1179
1180
1182
1183
1223
1231
1232
1233
1234
1235
1236
1237
1238
1240
1241
1242
1243
1244
1245
1246
1247
1306
1307
1308
1309
1310
1311
1312
1313
1314
1315
1316
1317
1318
1319
1320
1327
1329
1330
1367
1368
1002
1021
1022
1023
1024
1025
1034
1035
1036
1038
1095
1096
1097
1139
1140
1141
1142
1143
1153
1154
1155
1156
1157
1158
1159
1160
1161
1162
1163
1164
1165
1176
1177
1178
1179
1180
1182
1183
1223
1231
1232
1233
1234
1235
1236
1237
1238
1240
1241
1242
1243
1244
1245
1246
1247
1306
1307
1308
1309
1310
1311
1312
1313
1314
1315
1316
1317
1318
1319
1320
1327
1329
1330
1367
1368
1369
1370
1371
1002
1021
1022
1023
1024
1025
1034
1035
1036
1038
1095
1096
1097
1139
1140
1141
1142
1143
1153
1154
1155
1156
1157
1158
1159
1160
1161
1162
1163
1164
1165
1176
1177
1178
1179
1180
1182
1183
1223
1231
1232
1233
1234
1235
1236
1237
1238
1240
1241
1242
1243
1244
1245
1246
1247
1306
1307
1308
1309
1310
1311
1312
1313
1314
1315
1316
1317
1318
1319
1320
1327
1329
1330
1367
1368
1369
1370
1371
1372
1373
1374
1002
1021
1022
1023
1024
1025
1034
1035
1036
1038
1095
1096
1097
1139
1140
1141
1142
1143
1153
1154
1155
1156
1157
1158
1159
1160
1161
1162
1163
1164
1165
1176
1177
1178
1179
1180
1182
1183
1223
1231
1232
1233
1234
1235
1236
1237
1238
1240
1241
1242
1243
1244
1245
1246
1247
1306
1307
1308
1309
1310
1311
1312
1313
1314
1315
1316
1317
1318
1319
1320
1327
1329
1330
1367
1368
1369
1370
1371
1372
1373
1374
1382
1383
1384
2725
2717
2725
2717
2714
2713
2725
2717
2714
2713
2712
2711
2725
2717
2714
2713
2712
2711
2710
2709
2725
2717
2714
2713
2712
2711
2710
2709
2708
2705
2725
2717
2714
2713
2712
2711
2710
2709
2708
2705
2703
2687
2725
2717
2714
2713
2712
2711
2710
2709
2708
2705
2703
2687
2686
2685
2725
2717
2714
2713
2712
2711
2710
2709
2708
2705
2703
2687
2686
2685
2684
2524
2725
2717
2714
2713
2712
2711
2710
2709
2708
2705
2703
2687
2686
2685
2684
2524
2523
2522
2725
2717
2714
2713
2712
2711
2710
2709
2708
2705
2703
2687
2686
2685
2684
2524
2523
2522
2420
2419
2725
2717
2714
2713
2712
2711
2710
2709
2708
2705
2703
2687
2686
2685
2684
2524
2523
2522
2420
2419
2418
2417
2725
2717
2714
2713
2712
2711
2710
2709
2708
2705
2703
2687
2686
2685
2684
2524
2523
2522
2420
2419
2418
2417
2416
2405
2725
2717
2714
2713
2712
2711
2710
2709
2708
2705
2703
2687
2686
2685
2684
2524
2523
2522
2420
2419
2418
2417
2416
2405
2404
2403
2725
2717
2714
2713
2712
2711
2710
2709
2708
2705
2703
2687
2686
2685
2684
2524
2523
2522
2420
2419
2418
2417
2416
2405
2404
2403
2402
2401
2725
2717
2714
2713
2712
2711
2710
2709
2708
2705
2703
2687
2686
2685
2684
2524
2523
2522
2420
2419
2418
2417
2416
2405
2404
2403
2402
2401
2400
2399
2725
2717
2714
2713
2712
2711
2710
2709
2708
2705
2703
2687
2686
2685
2684
2524
2523
2522
2420
2419
2418
2417
2416
2405
2404
2403
2402
2401
2400
2399
2398
2397
2725
2717
2714
2713
2712
2711
2710
2709
2708
2705
2703
2687
2686
2685
2684
2524
2523
2522
2420
2419
2418
2417
2416
2405
2404
2403
2402
2401
2400
2399
2398
2397
2396
2395
2725
2717
2714
2713
2712
2711
2710
2709
2708
2705
2703
2687
2686
2685
2684
2524
2523
2522
2420
2419
2418
2417
2416
2405
2404
2403
2402
2401
2400
2399
2398
2397
2396
2395
2394
2393
2725
2717
2714
2713
2712
2711
2710
2709
2708
2705
2703
2687
2686
2685
2684
2524
2523
2522
2420
2419
2418
2417
2416
2405
2404
2403
2402
2401
2400
2399
2398
2397
2396
2395
2394
2393
2392
2391
2725
2717
2714
2713
2712
2711
2710
2709
2708
2705
2703
2687
2686
2685
2684
2524
2523
2522
2420
2419
2418
2417
2416
2405
2404
2403
2402
2401
2400
2399
2398
2397
2396
2395
2394
2393
2392
2391
2390
2315
2725
2717
2714
2713
2712
2711
2710
2709
2708
2705
2703
2687
2686
2685
2684
2524
2523
2522
2420
2419
2418
2417
2416
2405
2404
2403
2402
2401
2400
2399
2398
2397
2396
2395
2394
2393
2392
2391
2390
2315
2215
2214
2725
2717
2714
2713
2712
2711
2710
2709
2708
2705
2703
2687
2686
2685
2684
2524
2523
2522
2420
2419
2418
2417
2416
2405
2404
2403
2402
2401
2400
2399
2398
2397
2396
2395
2394
2393
2392
2391
2390
2315
2215
2214
2213
2212
2725
2717
2714
2713
2712
2711
2710
2709
2708
2705
2703
2687
2686
2685
2684
2524
2523
2522
2420
2419
2418
2417
2416
2405
2404
2403
2402
2401
2400
2399
2398
2397
2396
2395
2394
2393
2392
2391
2390
2315
2215
2214
2213
2212
2211
2210
2725
2717
2714
2713
2712
2711
2710
2709
2708
2705
2703
2687
2686
2685
2684
2524
2523
2522
2420
2419
2418
2417
2416
2405
2404
2403
2402
2401
2400
2399
2398
2397
2396
2395
2394
2393
2392
2391
2390
2315
2215
2214
2213
2212
2211
2210
2086
2035
1392
1418
1392
1418
1419
1437
1392
1418
1419
1437
1492
1493
1392
1418
1419
1437
1492
1493
1494
1495
1392
1418
1419
1437
1492
1493
1494
1495
1496
1554
1392
1418
1419
1437
1492
1493
1494
1495
1496
1554
1555
1556
1392
1418
1419
1437
1492
1493
1494
1495
1496
1554
1555
1556
1557
1558
1392
1418
1419
1437
1492
1493
1494
1495
1496
1554
1555
1556
1557
1558
1639
1641
1392
1418
1419
1437
1492
1493
1494
1495
1496
1554
1555
1556
1557
1558
1639
1641
1642
1644
1392
1418
1419
1437
1492
1493
1494
1495
1496
1554
1555
1556
1557
1558
1639
1641
1642
1644
1656
1657
1392
1418
1419
1437
1492
1493
1494
1495
1496
1554
1555
1556
1557
1558
1639
1641
1642
1644
1656
1657
1658
1659
1392
1418
1419
1437
1492
1493
1494
1495
1496
1554
1555
1556
1557
1558
1639
1641
1642
1644
1656
1657
1658
1659
1660
1661
1662
1663
1662
1663
1664
1665
1662
1663
1664
1665
1666
1667
1662
1663
1664
1665
1666
1667
1707
1708
1662
1663
1664
1665
1666
1667
1707
1708
1709
1715
1662
1663
1664
1665
1666
1667
1707
1708
1709
1715
1778
1779
1662
1663
1664
1665
1666
1667
1707
1708
1709
1715
1778
1779
1780
1781
1662
1663
1664
1665
1666
1667
1707
1708
1709
1715
1778
1779
1780
1781
1786
1787
1662
1663
1664
1665
1666
1667
1707
1708
1709
1715
1778
1779
1780
1781
1786
1787
1788
1789
1662
1663
1664
1665
1666
1667
1707
1708
1709
1715
1778
1779
1780
1781
1786
1787
1788
1789
1790
1791
1662
1663
1664
1665
1666
1667
1707
1708
1709
1715
1778
1779
1780
1781
1786
1787
1788
1789
1790
1791
1792
1793
1662
1663
1664
1665
1666
1667
1707
1708
1709
1715
1778
1779
1780
1781
1786
1787
1788
1789
1790
1791
1792
1793
1850
1851
1662
1663
1664
1665
1666
1667
1707
1708
1709
1715
1778
1779
1780
1781
1786
1787
1788
1789
1790
1791
1792
1793
1850
1851
1853
1875
1662
1663
1664
1665
1666
1667
1707
1708
1709
1715
1778
1779
1780
1781
1786
1787
1788
1789
1790
1791
1792
1793
1850
1851
1853
1875
1876
1877
1662
1663
1664
1665
1666
1667
1707
1708
1709
1715
1778
1779
1780
1781
1786
1787
1788
1789
1790
1791
1792
1793
1850
1851
1853
1875
1876
1877
1901
1902
1662
1663
1664
1665
1666
1667
1707
1708
1709
1715
1778
1779
1780
1781
1786
1787
1788
1789
1790
1791
1792
1793
1850
1851
1853
1875
1876
1877
1901
1902
1903
1904
1662
1663
1664
1665
1666
1667
1707
1708
1709
1715
1778
1779
1780
1781
1786
1787
1788
1789
1790
1791
1792
1793
1850
1851
1853
1875
1876
1877
1901
1902
1903
1904
1905
1906
1662
1663
1664
1665
1666
1667
1707
1708
1709
1715
1778
1779
1780
1781
1786
1787
1788
1789
1790
1791
1792
1793
1850
1851
1853
1875
1876
1877
1901
1902
1903
1904
1905
1906
1907
1908
1662
1663
1664
1665
1666
1667
1707
1708
1709
1715
1778
1779
1780
1781
1786
1787
1788
1789
1790
1791
1792
1793
1850
1851
1853
1875
1876
1877
1901
1902
1903
1904
1905
1906
1907
1908
1919
1920
1662
1663
1664
1665
1666
1667
1707
1708
1709
1715
1778
1779
1780
1781
1786
1787
1788
1789
1790
1791
1792
1793
1850
1851
1853
1875
1876
1877
1901
1902
1903
1904
1905
1906
1907
1908
1919
1920
1921
1922
1662
1663
1664
1665
1666
1667
1707
1708
1709
1715
1778
1779
1780
1781
1786
1787
1788
1789
1790
1791
1792
1793
1850
1851
1853
1875
1876
1877
1901
1902
1903
1904
1905
1906
1907
1908
1919
1920
1921
1922
1923
1924
1662
1663
1664
1665
1666
1667
1707
1708
1709
1715
1778
1779
1780
1781
1786
1787
1788
1789
1790
1791
1792
1793
1850
1851
1853
1875
1876
1877
1901
1902
1903
1904
1905
1906
1907
1908
1919
1920
1921
1922
1923
1924
1925
1962
1662
1663
1664
1665
1666
1667
1707
1708
1709
1715
1778
1779
1780
1781
1786
1787
1788
1789
1790
1791
1792
1793
1850
1851
1853
1875
1876
1877
1901
1902
1903
1904
1905
1906
1907
1908
1919
1920
1921
1922
1923
1924
1925
1962
1963
1964
1662
1663
1664
1665
1666
1667
1707
1708
1709
1715
1778
1779
1780
1781
1786
1787
1788
1789
1790
1791
1792
1793
1850
1851
1853
1875
1876
1877
1901
1902
1903
1904
1905
1906
1907
1908
1919
1920
1921
1922
1923
1924
1925
1962
1963
1964
1967
1968
1662
1663
1664
1665
1666
1667
1707
1708
1709
1715
1778
1779
1780
1781
1786
1787
1788
1789
1790
1791
1792
1793
1850
1851
1853
1875
1876
1877
1901
1902
1903
1904
1905
1906
1907
1908
1919
1920
1921
1922
1923
1924
1925
1962
1963
1964
1967
1968
1969
1970
1662
1663
1664
1665
1666
1667
1707
1708
1709
1715
1778
1779
1780
1781
1786
1787
1788
1789
1790
1791
1792
1793
1850
1851
1853
1875
1876
1877
1901
1902
1903
1904
1905
1906
1907
1908
1919
1920
1921
1922
1923
1924
1925
1962
1963
1964
1967
1968
1969
1970
2029
2030
1662
1663
1664
1665
1666
1667
1707
1708
1709
1715
1778
1779
1780
1781
1786
1787
1788
1789
1790
1791
1792
1793
1850
1851
1853
1875
1876
1877
1901
1902
1903
1904
1905
1906
1907
1908
1919
1920
1921
1922
1923
1924
1925
1962
1963
1964
1967
1968
1969
1970
2029
2030
2031
2744
1662
1663
1664
1665
1666
1667
1707
1708
1709
1715
1778
1779
1780
1781
1786
1787
1788
1789
1790
1791
1792
1793
1850
1851
1853
1875
1876
1877
1901
1902
1903
1904
1905
1906
1907
1908
1919
1920
1921
1922
1923
1924
1925
1962
1963
1964
1967
1968
1969
1970
2029
2030
2031
2744
2747
2750
1662
1663
1664
1665
1666
1667
1707
1708
1709
1715
1778
1779
1780
1781
1786
1787
1788
1789
1790
1791
1792
1793
1850
1851
1853
1875
1876
1877
1901
1902
1903
1904
1905
1906
1907
1908
1919
1920
1921
1922
1923
1924
1925
1962
1963
1964
1967
1968
1969
1970
2029
2030
2031
2744
2747
2750
2751
2752
1662
1663
1664
1665
1666
1667
1707
1708
1709
1715
1778
1779
1780
1781
1786
1787
1788
1789
1790
1791
1792
1793
1850
1851
1853
1875
1876
1877
1901
1902
1903
1904
1905
1906
1907
1908
1919
1920
1921
1922
1923
1924
1925
1962
1963
1964
1967
1968
1969
1970
2029
2030
2031
2744
2747
2750
2751
2752
2753
2754
1662
1663
1664
1665
1666
1667
1707
1708
1709
1715
1778
1779
1780
1781
1786
1787
1788
1789
1790
1791
1792
1793
1850
1851
1853
1875
1876
1877
1901
1902
1903
1904
1905
1906
1907
1908
1919
1920
1921
1922
1923
1924
1925
1962
1963
1964
1967
1968
1969
1970
2029
2030
2031
2744
2747
2750
2751
2752
2753
2754
2755
2756
2903
2902
2903
2902
2901
2882
2903
2902
2901
2882
2880
2809
2903
2902
2901
2882
2880
2809
2770
2769
2903
2902
2901
2882
2880
2809
2770
2769
2768
2767
2903
2902
2901
2882
2880
2809
2770
2769
2768
2767
2764
2757
3013
3014
3015
3016
3015
3016
3017
3018
