0
6
8
10
13
14
6
8
10
13
14
15
17
18
19
21
6
8
10
13
14
15
17
18
19
21
22
23
24
26
27
30
31
33
34
35
30
31
33
34
35
36
37
38
39
41
30
31
33
34
35
36
37
38
39
41
43
44
45
46
47
30
31
33
34
35
36
37
38
39
41
43
44
45
46
47
48
49
50
51
53
30
31
33
34
35
36
37
38
39
41
43
44
45
46
47
48
49
50
51
53
54
56
57
58
59
30
31
33
34
35
36
37
38
39
41
43
44
45
46
47
48
49
50
51
53
54
56
57
58
59
61
62
63
65
66
30
31
33
34
35
36
37
38
39
41
43
44
45
46
47
48
49
50
51
53
54
56
57
58
59
61
62
63
65
66
67
68
69
70
71
30
31
33
34
35
36
37
38
39
41
43
44
45
46
47
48
49
50
51
53
54
56
57
58
59
61
62
63
65
66
67
68
69
70
71
72
73
74
75
76
30
31
33
34
35
36
37
38
39
41
43
44
45
46
47
48
49
50
51
53
54
56
57
58
59
61
62
63
65
66
67
68
69
70
71
72
73
74
75
76
77
78
79
80
81
30
31
33
34
35
36
37
38
39
41
43
44
45
46
47
48
49
50
51
53
54
56
57
58
59
61
62
63
65
66
67
68
69
70
71
72
73
74
75
76
77
78
79
80
81
82
83
84
86
88
30
31
33
34
35
36
37
38
39
41
43
44
45
46
47
48
49
50
51
53
54
56
57
58
59
61
62
63
65
66
67
68
69
70
71
72
73
74
75
76
77
78
79
80
81
82
83
84
86
88
89
90
91
92
93
30
31
33
34
35
36
37
38
39
41
43
44
45
46
47
48
49
50
51
53
54
56
57
58
59
61
62
63
65
66
67
68
69
70
71
72
73
74
75
76
77
78
79
80
81
82
83
84
86
88
89
90
91
92
93
94
95
97
98
100
30
31
33
34
35
36
37
38
39
41
43
44
45
46
47
48
49
50
51
53
54
56
57
58
59
61
62
63
65
66
67
68
69
70
71
72
73
74
75
76
77
78
79
80
81
82
83
84
86
88
89
90
91
92
93
94
95
97
98
100
101
102
103
104
105
107
108
109
112
115
107
108
109
112
115
116
117
118
120
121
971
970
964
963
950
971
970
964
963
950
940
937
931
930
925
971
970
964
963
950
940
937
931
930
925
924
917
900
899
888
122
123
124
125
126
127
128
129
130
132
134
135
136
137
138
134
135
136
137
138
139
141
142
143
145
134
135
136
137
138
139
141
142
143
145
146
147
149
151
152
