0
3
6
7
8
9
20
3
6
7
8
9
20
22
29
30
38
40
41
3
6
7
8
9
20
22
29
30
38
40
41
50
53
54
55
56
58
3
6
7
8
9
20
22
29
30
38
40
41
50
53
54
55
56
58
59
61
63
64
66
67
3
6
7
8
9
20
22
29
30
38
40
41
50
53
54
55
56
58
59
61
63
64
66
67
75
77
84
86
91
92
3
6
7
8
9
20
22
29
30
38
40
41
50
53
54
55
56
58
59
61
63
64
66
67
75
77
84
86
91
92
93
99
100
102
103
104
3
6
7
8
9
20
22
29
30
38
40
41
50
53
54
55
56
58
59
61
63
64
66
67
75
77
84
86
91
92
93
99
100
102
103
104
105
106
108
109
111
112
3
6
7
8
9
20
22
29
30
38
40
41
50
53
54
55
56
58
59
61
63
64
66
67
75
77
84
86
91
92
93
99
100
102
103
104
105
106
108
109
111
112
113
115
116
117
118
120
3
6
7
8
9
20
22
29
30
38
40
41
50
53
54
55
56
58
59
61
63
64
66
67
75
77
84
86
91
92
93
99
100
102
103
104
105
106
108
109
111
112
113
115
116
117
118
120
122
125
126
128
129
130
3
6
7
8
9
20
22
29
30
38
40
41
50
53
54
55
56
58
59
61
63
64
66
67
75
77
84
86
91
92
93
99
100
102
103
104
105
106
108
109
111
112
113
115
116
117
118
120
122
125
126
128
129
130
131
132
133
135
136
137
3
6
7
8
9
20
22
29
30
38
40
41
50
53
54
55
56
58
59
61
63
64
66
67
75
77
84
86
91
92
93
99
100
102
103
104
105
106
108
109
111
112
113
115
116
117
118
120
122
125
126
128
129
130
131
132
133
135
136
137
138
139
140
141
142
143
3
6
7
8
9
20
22
29
30
38
40
41
50
53
54
55
56
58
59
61
63
64
66
67
75
77
84
86
91
92
93
99
100
102
103
104
105
106
108
109
111
112
113
115
116
117
118
120
122
125
126
128
129
130
131
132
133
135
136
137
138
139
140
141
142
143
144
145
148
150
151
152
3
6
7
8
9
20
22
29
30
38
40
41
50
53
54
55
56
58
59
61
63
64
66
67
75
77
84
86
91
92
93
99
100
102
103
104
105
106
108
109
111
112
113
115
116
117
118
120
122
125
126
128
129
130
131
132
133
135
136
137
138
139
140
141
142
143
144
145
148
150
151
152
153
164
165
166
168
170
3
6
7
8
9
20
22
29
30
38
40
41
50
53
54
55
56
58
59
61
63
64
66
67
75
77
84
86
91
92
93
99
100
102
103
104
105
106
108
109
111
112
113
115
116
117
118
120
122
125
126
128
129
130
131
132
133
135
136
137
138
139
140
141
142
143
144
145
148
150
151
152
153
164
165
166
168
170
174
175
176
177
178
179
3
6
7
8
9
20
22
29
30
38
40
41
50
53
54
55
56
58
59
61
63
64
66
67
75
77
84
86
91
92
93
99
100
102
103
104
105
106
108
109
111
112
113
115
116
117
118
120
122
125
126
128
129
130
131
132
133
135
136
137
138
139
140
141
142
143
144
145
148
150
151
152
153
164
165
166
168
170
174
175
176
177
178
179
180
181
183
184
185
186
3
6
7
8
9
20
22
29
30
38
40
41
50
53
54
55
56
58
59
61
63
64
66
67
75
77
84
86
91
92
93
99
100
102
103
104
105
106
108
109
111
112
113
115
116
117
118
120
122
125
126
128
129
130
131
132
133
135
136
137
138
139
140
141
142
143
144
145
148
150
151
152
153
164
165
166
168
170
174
175
176
177
178
179
180
181
183
184
185
186
187
188
189
190
191
192
3
6
7
8
9
20
22
29
30
38
40
41
50
53
54
55
56
58
59
61
63
64
66
67
75
77
84
86
91
92
93
99
100
102
103
104
105
106
108
109
111
112
113
115
116
117
118
120
122
125
126
128
129
130
131
132
133
135
136
137
138
139
140
141
142
143
144
145
148
150
151
152
153
164
165
166
168
170
174
175
176
177
178
179
180
181
183
184
185
186
187
188
189
190
191
192
193
197
198
199
200
201
