0
209
210
209
210
212
213
209
210
212
213
216
217
209
210
212
213
216
217
218
219
209
210
212
213
216
217
218
219
222
224
209
210
212
213
216
217
218
219
222
224
225
230
209
210
212
213
216
217
218
219
222
224
225
230
231
233
209
210
212
213
216
217
218
219
222
224
225
230
231
233
234
237
209
210
212
213
216
217
218
219
222
224
225
230
231
233
234
237
238
239
209
210
212
213
216
217
218
219
222
224
225
230
231
233
234
237
238
239
240
241
209
210
212
213
216
217
218
219
222
224
225
230
231
233
234
237
238
239
240
241
242
243
209
210
212
213
216
217
218
219
222
224
225
230
231
233
234
237
238
239
240
241
242
243
245
247
209
210
212
213
216
217
218
219
222
224
225
230
231
233
234
237
238
239
240
241
242
243
245
247
248
251
209
210
212
213
216
217
218
219
222
224
225
230
231
233
234
237
238
239
240
241
242
243
245
247
248
251
253
255
209
210
212
213
216
217
218
219
222
224
225
230
231
233
234
237
238
239
240
241
242
243
245
247
248
251
253
255
257
258
209
210
212
213
216
217
218
219
222
224
225
230
231
233
234
237
238
239
240
241
242
243
245
247
248
251
253
255
257
258
259
260
209
210
212
213
216
217
218
219
222
224
225
230
231
233
234
237
238
239
240
241
242
243
245
247
248
251
253
255
257
258
259
260
266
267
209
210
212
213
216
217
218
219
222
224
225
230
231
233
234
237
238
239
240
241
242
243
245
247
248
251
253
255
257
258
259
260
266
267
271
273
209
210
212
213
216
217
218
219
222
224
225
230
231
233
234
237
238
239
240
241
242
243
245
247
248
251
253
255
257
258
259
260
266
267
271
273
274
275
209
210
212
213
216
217
218
219
222
224
225
230
231
233
234
237
238
239
240
241
242
243
245
247
248
251
253
255
257
258
259
260
266
267
271
273
274
275
404
405
209
210
212
213
216
217
218
219
222
224
225
230
231
233
234
237
238
239
240
241
242
243
245
247
248
251
253
255
257
258
259
260
266
267
271
273
274
275
404
405
406
407
209
210
212
213
216
217
218
219
222
224
225
230
231
233
234
237
238
239
240
241
242
243
245
247
248
251
253
255
257
258
259
260
266
267
271
273
274
275
404
405
406
407
408
409
209
210
212
213
216
217
218
219
222
224
225
230
231
233
234
237
238
239
240
241
242
243
245
247
248
251
253
255
257
258
259
260
266
267
271
273
274
275
404
405
406
407
408
409
410
411
209
210
212
213
216
217
218
219
222
224
225
230
231
233
234
237
238
239
240
241
242
243
245
247
248
251
253
255
257
258
259
260
266
267
271
273
274
275
404
405
406
407
408
409
410
411
412
413
209
210
212
213
216
217
218
219
222
224
225
230
231
233
234
237
238
239
240
241
242
243
245
247
248
251
253
255
257
258
259
260
266
267
271
273
274
275
404
405
406
407
408
409
410
411
412
413
416
417
209
210
212
213
216
217
218
219
222
224
225
230
231
233
234
237
238
239
240
241
242
243
245
247
248
251
253
255
257
258
259
260
266
267
271
273
274
275
404
405
406
407
408
409
410
411
412
413
416
417
418
420
209
210
212
213
216
217
218
219
222
224
225
230
231
233
234
237
238
239
240
241
242
243
245
247
248
251
253
255
257
258
259
260
266
267
271
273
274
275
404
405
406
407
408
409
410
411
412
413
416
417
418
420
421
425
209
210
212
213
216
217
218
219
222
224
225
230
231
233
234
237
238
239
240
241
242
243
245
247
248
251
253
255
257
258
259
260
266
267
271
273
274
275
404
405
406
407
408
409
410
411
412
413
416
417
418
420
421
425
429
431
209
210
212
213
216
217
218
219
222
224
225
230
231
233
234
237
238
239
240
241
242
243
245
247
248
251
253
255
257
258
259
260
266
267
271
273
274
275
404
405
406
407
408
409
410
411
412
413
416
417
418
420
421
425
429
431
435
439
209
210
212
213
216
217
218
219
222
224
225
230
231
233
234
237
238
239
240
241
242
243
245
247
248
251
253
255
257
258
259
260
266
267
271
273
274
275
404
405
406
407
408
409
410
411
412
413
416
417
418
420
421
425
429
431
435
439
440
441
209
210
212
213
216
217
218
219
222
224
225
230
231
233
234
237
238
239
240
241
242
243
245
247
248
251
253
255
257
258
259
260
266
267
271
273
274
275
404
405
406
407
408
409
410
411
412
413
416
417
418
420
421
425
429
431
435
439
440
441
442
445
209
210
212
213
216
217
218
219
222
224
225
230
231
233
234
237
238
239
240
241
242
243
245
247
248
251
253
255
257
258
259
260
266
267
271
273
274
275
404
405
406
407
408
409
410
411
412
413
416
417
418
420
421
425
429
431
435
439
440
441
442
445
446
447
209
210
212
213
216
217
218
219
222
224
225
230
231
233
234
237
238
239
240
241
242
243
245
247
248
251
253
255
257
258
259
260
266
267
271
273
274
275
404
405
406
407
408
409
410
411
412
413
416
417
418
420
421
425
429
431
435
439
440
441
442
445
446
447
448
450
209
210
212
213
216
217
218
219
222
224
225
230
231
233
234
237
238
239
240
241
242
243
245
247
248
251
253
255
257
258
259
260
266
267
271
273
274
275
404
405
406
407
408
409
410
411
412
413
416
417
418
420
421
425
429
431
435
439
440
441
442
445
446
447
448
450
453
454
209
210
212
213
216
217
218
219
222
224
225
230
231
233
234
237
238
239
240
241
242
243
245
247
248
251
253
255
257
258
259
260
266
267
271
273
274
275
404
405
406
407
408
409
410
411
412
413
416
417
418
420
421
425
429
431
435
439
440
441
442
445
446
447
448
450
453
454
455
456
209
210
212
213
216
217
218
219
222
224
225
230
231
233
234
237
238
239
240
241
242
243
245
247
248
251
253
255
257
258
259
260
266
267
271
273
274
275
404
405
406
407
408
409
410
411
412
413
416
417
418
420
421
425
429
431
435
439
440
441
442
445
446
447
448
450
453
454
455
456
457
458
209
210
212
213
216
217
218
219
222
224
225
230
231
233
234
237
238
239
240
241
242
243
245
247
248
251
253
255
257
258
259
260
266
267
271
273
274
275
404
405
406
407
408
409
410
411
412
413
416
417
418
420
421
425
429
431
435
439
440
441
442
445
446
447
448
450
453
454
455
456
457
458
459
460
209
210
212
213
216
217
218
219
222
224
225
230
231
233
234
237
238
239
240
241
242
243
245
247
248
251
253
255
257
258
259
260
266
267
271
273
274
275
404
405
406
407
408
409
410
411
412
413
416
417
418
420
421
425
429
431
435
439
440
441
442
445
446
447
448
450
453
454
455
456
457
458
459
460
461
462
209
210
212
213
216
217
218
219
222
224
225
230
231
233
234
237
238
239
240
241
242
243
245
247
248
251
253
255
257
258
259
260
266
267
271
273
274
275
404
405
406
407
408
409
410
411
412
413
416
417
418
420
421
425
429
431
435
439
440
441
442
445
446
447
448
450
453
454
455
456
457
458
459
460
461
462
463
464
209
210
212
213
216
217
218
219
222
224
225
230
231
233
234
237
238
239
240
241
242
243
245
247
248
251
253
255
257
258
259
260
266
267
271
273
274
275
404
405
406
407
408
409
410
411
412
413
416
417
418
420
421
425
429
431
435
439
440
441
442
445
446
447
448
450
453
454
455
456
457
458
459
460
461
462
463
464
465
466
209
210
212
213
216
217
218
219
222
224
225
230
231
233
234
237
238
239
240
241
242
243
245
247
248
251
253
255
257
258
259
260
266
267
271
273
274
275
404
405
406
407
408
409
410
411
412
413
416
417
418
420
421
425
429
431
435
439
440
441
442
445
446
447
448
450
453
454
455
456
457
458
459
460
461
462
463
464
465
466
467
468
209
210
212
213
216
217
218
219
222
224
225
230
231
233
234
237
238
239
240
241
242
243
245
247
248
251
253
255
257
258
259
260
266
267
271
273
274
275
404
405
406
407
408
409
410
411
412
413
416
417
418
420
421
425
429
431
435
439
440
441
442
445
446
447
448
450
453
454
455
456
457
458
459
460
461
462
463
464
465
466
467
468
469
470
209
210
212
213
216
217
218
219
222
224
225
230
231
233
234
237
238
239
240
241
242
243
245
247
248
251
253
255
257
258
259
260
266
267
271
273
274
275
404
405
406
407
408
409
410
411
412
413
416
417
418
420
421
425
429
431
435
439
440
441
442
445
446
447
448
450
453
454
455
456
457
458
459
460
461
462
463
464
465
466
467
468
469
470
471
472
209
210
212
213
216
217
218
219
222
224
225
230
231
233
234
237
238
239
240
241
242
243
245
247
248
251
253
255
257
258
259
260
266
267
271
273
274
275
404
405
406
407
408
409
410
411
412
413
416
417
418
420
421
425
429
431
435
439
440
441
442
445
446
447
448
450
453
454
455
456
457
458
459
460
461
462
463
464
465
466
467
468
469
470
471
472
474
475
209
210
212
213
216
217
218
219
222
224
225
230
231
233
234
237
238
239
240
241
242
243
245
247
248
251
253
255
257
258
259
260
266
267
271
273
274
275
404
405
406
407
408
409
410
411
412
413
416
417
418
420
421
425
429
431
435
439
440
441
442
445
446
447
448
450
453
454
455
456
457
458
459
460
461
462
463
464
465
466
467
468
469
470
471
472
474
475
476
477
209
210
212
213
216
217
218
219
222
224
225
230
231
233
234
237
238
239
240
241
242
243
245
247
248
251
253
255
257
258
259
260
266
267
271
273
274
275
404
405
406
407
408
409
410
411
412
413
416
417
418
420
421
425
429
431
435
439
440
441
442
445
446
447
448
450
453
454
455
456
457
458
459
460
461
462
463
464
465
466
467
468
469
470
471
472
474
475
476
477
478
482
209
210
212
213
216
217
218
219
222
224
225
230
231
233
234
237
238
239
240
241
242
243
245
247
248
251
253
255
257
258
259
260
266
267
271
273
274
275
404
405
406
407
408
409
410
411
412
413
416
417
418
420
421
425
429
431
435
439
440
441
442
445
446
447
448
450
453
454
455
456
457
458
459
460
461
462
463
464
465
466
467
468
469
470
471
472
474
475
476
477
478
482
483
484
209
210
212
213
216
217
218
219
222
224
225
230
231
233
234
237
238
239
240
241
242
243
245
247
248
251
253
255
257
258
259
260
266
267
271
273
274
275
404
405
406
407
408
409
410
411
412
413
416
417
418
420
421
425
429
431
435
439
440
441
442
445
446
447
448
450
453
454
455
456
457
458
459
460
461
462
463
464
465
466
467
468
469
470
471
472
474
475
476
477
478
482
483
484
485
488
209
210
212
213
216
217
218
219
222
224
225
230
231
233
234
237
238
239
240
241
242
243
245
247
248
251
253
255
257
258
259
260
266
267
271
273
274
275
404
405
406
407
408
409
410
411
412
413
416
417
418
420
421
425
429
431
435
439
440
441
442
445
446
447
448
450
453
454
455
456
457
458
459
460
461
462
463
464
465
466
467
468
469
470
471
472
474
475
476
477
478
482
483
484
485
488
489
490
209
210
212
213
216
217
218
219
222
224
225
230
231
233
234
237
238
239
240
241
242
243
245
247
248
251
253
255
257
258
259
260
266
267
271
273
274
275
404
405
406
407
408
409
410
411
412
413
416
417
418
420
421
425
429
431
435
439
440
441
442
445
446
447
448
450
453
454
455
456
457
458
459
460
461
462
463
464
465
466
467
468
469
470
471
472
474
475
476
477
478
482
483
484
485
488
489
490
492
493
209
210
212
213
216
217
218
219
222
224
225
230
231
233
234
237
238
239
240
241
242
243
245
247
248
251
253
255
257
258
259
260
266
267
271
273
274
275
404
405
406
407
408
409
410
411
412
413
416
417
418
420
421
425
429
431
435
439
440
441
442
445
446
447
448
450
453
454
455
456
457
458
459
460
461
462
463
464
465
466
467
468
469
470
471
472
474
475
476
477
478
482
483
484
485
488
489
490
492
493
494
495
209
210
212
213
216
217
218
219
222
224
225
230
231
233
234
237
238
239
240
241
242
243
245
247
248
251
253
255
257
258
259
260
266
267
271
273
274
275
404
405
406
407
408
409
410
411
412
413
416
417
418
420
421
425
429
431
435
439
440
441
442
445
446
447
448
450
453
454
455
456
457
458
459
460
461
462
463
464
465
466
467
468
469
470
471
472
474
475
476
477
478
482
483
484
485
488
489
490
492
493
494
495
497
498
209
210
212
213
216
217
218
219
222
224
225
230
231
233
234
237
238
239
240
241
242
243
245
247
248
251
253
255
257
258
259
260
266
267
271
273
274
275
404
405
406
407
408
409
410
411
412
413
416
417
418
420
421
425
429
431
435
439
440
441
442
445
446
447
448
450
453
454
455
456
457
458
459
460
461
462
463
464
465
466
467
468
469
470
471
472
474
475
476
477
478
482
483
484
485
488
489
490
492
493
494
495
497
498
499
500
209
210
212
213
216
217
218
219
222
224
225
230
231
233
234
237
238
239
240
241
242
243
245
247
248
251
253
255
257
258
259
260
266
267
271
273
274
275
404
405
406
407
408
409
410
411
412
413
416
417
418
420
421
425
429
431
435
439
440
441
442
445
446
447
448
450
453
454
455
456
457
458
459
460
461
462
463
464
465
466
467
468
469
470
471
472
474
475
476
477
478
482
483
484
485
488
489
490
492
493
494
495
497
498
499
500
501
504
209
210
212
213
216
217
218
219
222
224
225
230
231
233
234
237
238
239
240
241
242
243
245
247
248
251
253
255
257
258
259
260
266
267
271
273
274
275
404
405
406
407
408
409
410
411
412
413
416
417
418
420
421
425
429
431
435
439
440
441
442
445
446
447
448
450
453
454
455
456
457
458
459
460
461
462
463
464
465
466
467
468
469
470
471
472
474
475
476
477
478
482
483
484
485
488
489
490
492
493
494
495
497
498
499
500
501
504
506
507
209
210
212
213
216
217
218
219
222
224
225
230
231
233
234
237
238
239
240
241
242
243
245
247
248
251
253
255
257
258
259
260
266
267
271
273
274
275
404
405
406
407
408
409
410
411
412
413
416
417
418
420
421
425
429
431
435
439
440
441
442
445
446
447
448
450
453
454
455
456
457
458
459
460
461
462
463
464
465
466
467
468
469
470
471
472
474
475
476
477
478
482
483
484
485
488
489
490
492
493
494
495
497
498
499
500
501
504
506
507
508
510
209
210
212
213
216
217
218
219
222
224
225
230
231
233
234
237
238
239
240
241
242
243
245
247
248
251
253
255
257
258
259
260
266
267
271
273
274
275
404
405
406
407
408
409
410
411
412
413
416
417
418
420
421
425
429
431
435
439
440
441
442
445
446
447
448
450
453
454
455
456
457
458
459
460
461
462
463
464
465
466
467
468
469
470
471
472
474
475
476
477
478
482
483
484
485
488
489
490
492
493
494
495
497
498
499
500
501
504
506
507
508
510
511
512
209
210
212
213
216
217
218
219
222
224
225
230
231
233
234
237
238
239
240
241
242
243
245
247
248
251
253
255
257
258
259
260
266
267
271
273
274
275
404
405
406
407
408
409
410
411
412
413
416
417
418
420
421
425
429
431
435
439
440
441
442
445
446
447
448
450
453
454
455
456
457
458
459
460
461
462
463
464
465
466
467
468
469
470
471
472
474
475
476
477
478
482
483
484
485
488
489
490
492
493
494
495
497
498
499
500
501
504
506
507
508
510
511
512
513
514
209
210
212
213
216
217
218
219
222
224
225
230
231
233
234
237
238
239
240
241
242
243
245
247
248
251
253
255
257
258
259
260
266
267
271
273
274
275
404
405
406
407
408
409
410
411
412
413
416
417
418
420
421
425
429
431
435
439
440
441
442
445
446
447
448
450
453
454
455
456
457
458
459
460
461
462
463
464
465
466
467
468
469
470
471
472
474
475
476
477
478
482
483
484
485
488
489
490
492
493
494
495
497
498
499
500
501
504
506
507
508
510
511
512
513
514
517
518
209
210
212
213
216
217
218
219
222
224
225
230
231
233
234
237
238
239
240
241
242
243
245
247
248
251
253
255
257
258
259
260
266
267
271
273
274
275
404
405
406
407
408
409
410
411
412
413
416
417
418
420
421
425
429
431
435
439
440
441
442
445
446
447
448
450
453
454
455
456
457
458
459
460
461
462
463
464
465
466
467
468
469
470
471
472
474
475
476
477
478
482
483
484
485
488
489
490
492
493
494
495
497
498
499
500
501
504
506
507
508
510
511
512
513
514
517
518
520
521
209
210
212
213
216
217
218
219
222
224
225
230
231
233
234
237
238
239
240
241
242
243
245
247
248
251
253
255
257
258
259
260
266
267
271
273
274
275
404
405
406
407
408
409
410
411
412
413
416
417
418
420
421
425
429
431
435
439
440
441
442
445
446
447
448
450
453
454
455
456
457
458
459
460
461
462
463
464
465
466
467
468
469
470
471
472
474
475
476
477
478
482
483
484
485
488
489
490
492
493
494
495
497
498
499
500
501
504
506
507
508
510
511
512
513
514
517
518
520
521
522
523
209
210
212
213
216
217
218
219
222
224
225
230
231
233
234
237
238
239
240
241
242
243
245
247
248
251
253
255
257
258
259
260
266
267
271
273
274
275
404
405
406
407
408
409
410
411
412
413
416
417
418
420
421
425
429
431
435
439
440
441
442
445
446
447
448
450
453
454
455
456
457
458
459
460
461
462
463
464
465
466
467
468
469
470
471
472
474
475
476
477
478
482
483
484
485
488
489
490
492
493
494
495
497
498
499
500
501
504
506
507
508
510
511
512
513
514
517
518
520
521
522
523
524
529
209
210
212
213
216
217
218
219
222
224
225
230
231
233
234
237
238
239
240
241
242
243
245
247
248
251
253
255
257
258
259
260
266
267
271
273
274
275
404
405
406
407
408
409
410
411
412
413
416
417
418
420
421
425
429
431
435
439
440
441
442
445
446
447
448
450
453
454
455
456
457
458
459
460
461
462
463
464
465
466
467
468
469
470
471
472
474
475
476
477
478
482
483
484
485
488
489
490
492
493
494
495
497
498
499
500
501
504
506
507
508
510
511
512
513
514
517
518
520
521
522
523
524
529
531
532
209
210
212
213
216
217
218
219
222
224
225
230
231
233
234
237
238
239
240
241
242
243
245
247
248
251
253
255
257
258
259
260
266
267
271
273
274
275
404
405
406
407
408
409
410
411
412
413
416
417
418
420
421
425
429
431
435
439
440
441
442
445
446
447
448
450
453
454
455
456
457
458
459
460
461
462
463
464
465
466
467
468
469
470
471
472
474
475
476
477
478
482
483
484
485
488
489
490
492
493
494
495
497
498
499
500
501
504
506
507
508
510
511
512
513
514
517
518
520
521
522
523
524
529
531
532
533
535
209
210
212
213
216
217
218
219
222
224
225
230
231
233
234
237
238
239
240
241
242
243
245
247
248
251
253
255
257
258
259
260
266
267
271
273
274
275
404
405
406
407
408
409
410
411
412
413
416
417
418
420
421
425
429
431
435
439
440
441
442
445
446
447
448
450
453
454
455
456
457
458
459
460
461
462
463
464
465
466
467
468
469
470
471
472
474
475
476
477
478
482
483
484
485
488
489
490
492
493
494
495
497
498
499
500
501
504
506
507
508
510
511
512
513
514
517
518
520
521
522
523
524
529
531
532
533
535
536
538
209
210
212
213
216
217
218
219
222
224
225
230
231
233
234
237
238
239
240
241
242
243
245
247
248
251
253
255
257
258
259
260
266
267
271
273
274
275
404
405
406
407
408
409
410
411
412
413
416
417
418
420
421
425
429
431
435
439
440
441
442
445
446
447
448
450
453
454
455
456
457
458
459
460
461
462
463
464
465
466
467
468
469
470
471
472
474
475
476
477
478
482
483
484
485
488
489
490
492
493
494
495
497
498
499
500
501
504
506
507
508
510
511
512
513
514
517
518
520
521
522
523
524
529
531
532
533
535
536
538
540
542
209
210
212
213
216
217
218
219
222
224
225
230
231
233
234
237
238
239
240
241
242
243
245
247
248
251
253
255
257
258
259
260
266
267
271
273
274
275
404
405
406
407
408
409
410
411
412
413
416
417
418
420
421
425
429
431
435
439
440
441
442
445
446
447
448
450
453
454
455
456
457
458
459
460
461
462
463
464
465
466
467
468
469
470
471
472
474
475
476
477
478
482
483
484
485
488
489
490
492
493
494
495
497
498
499
500
501
504
506
507
508
510
511
512
513
514
517
518
520
521
522
523
524
529
531
532
533
535
536
538
540
542
543
544
209
210
212
213
216
217
218
219
222
224
225
230
231
233
234
237
238
239
240
241
242
243
245
247
248
251
253
255
257
258
259
260
266
267
271
273
274
275
404
405
406
407
408
409
410
411
412
413
416
417
418
420
421
425
429
431
435
439
440
441
442
445
446
447
448
450
453
454
455
456
457
458
459
460
461
462
463
464
465
466
467
468
469
470
471
472
474
475
476
477
478
482
483
484
485
488
489
490
492
493
494
495
497
498
499
500
501
504
506
507
508
510
511
512
513
514
517
518
520
521
522
523
524
529
531
532
533
535
536
538
540
542
543
544
545
546
209
210
212
213
216
217
218
219
222
224
225
230
231
233
234
237
238
239
240
241
242
243
245
247
248
251
253
255
257
258
259
260
266
267
271
273
274
275
404
405
406
407
408
409
410
411
412
413
416
417
418
420
421
425
429
431
435
439
440
441
442
445
446
447
448
450
453
454
455
456
457
458
459
460
461
462
463
464
465
466
467
468
469
470
471
472
474
475
476
477
478
482
483
484
485
488
489
490
492
493
494
495
497
498
499
500
501
504
506
507
508
510
511
512
513
514
517
518
520
521
522
523
524
529
531
532
533
535
536
538
540
542
543
544
545
546
547
548
